Iteration,phi,lnL
     1,           0.9800010,      -19267.6520000,
     2,           0.9800020,      -19267.1420000,
     3,           0.9800030,      -19266.6500000,
     4,           0.9800040,      -19266.1540000,
     5,           0.9800050,      -19265.6500000,
     6,           0.9800060,      -19265.1810000,
     7,           0.9800070,      -19264.6910000,
     8,           0.9800080,      -19264.1900000,
     9,           0.9800090,      -19263.6910000,
    10,           0.9800100,      -19263.2320000,
    11,           0.9800110,      -19262.7240000,
    12,           0.9800120,      -19262.2500000,
    13,           0.9800130,      -19261.7400000,
    14,           0.9800140,      -19261.2500000,
    15,           0.9800150,      -19260.7710000,
    16,           0.9800160,      -19260.2610000,
    17,           0.9800170,      -19259.7920000,
    18,           0.9800180,      -19259.2900000,
    19,           0.9800190,      -19258.8330000,
    20,           0.9800200,      -19258.3410000,
    21,           0.9800210,      -19257.8300000,
    22,           0.9800220,      -19257.3240000,
    23,           0.9800230,      -19256.8430000,
    24,           0.9800240,      -19256.3700000,
    25,           0.9800250,      -19255.8800000,
    26,           0.9800260,      -19255.3710000,
    27,           0.9800270,      -19254.8600000,
    28,           0.9800280,      -19254.4100000,
    29,           0.9800290,      -19253.9230000,
    30,           0.9800300,      -19253.4230000,
    31,           0.9800310,      -19252.9330000,
    32,           0.9800320,      -19252.4210000,
    33,           0.9800330,      -19251.9400000,
    34,           0.9800340,      -19251.4640000,
    35,           0.9800350,      -19250.9700000,
    36,           0.9800360,      -19250.4600000,
    37,           0.9800370,      -19250.0100000,
    38,           0.9800380,      -19249.5010000,
    39,           0.9800390,      -19249.0000000,
    40,           0.9800400,      -19248.5100000,
    41,           0.9800410,      -19248.0000000,
    42,           0.9800420,      -19247.5310000,
    43,           0.9800430,      -19247.0400000,
    44,           0.9800440,      -19246.5540000,
    45,           0.9800450,      -19246.0410000,
    46,           0.9800460,      -19245.5800000,
    47,           0.9800470,      -19245.0830000,
    48,           0.9800480,      -19244.5820000,
    49,           0.9800490,      -19244.0910000,
    50,           0.9800500,      -19243.6230000,
    51,           0.9800510,      -19243.1200000,
    52,           0.9800520,      -19242.6240000,
    53,           0.9800530,      -19242.1400000,
    54,           0.9800540,      -19241.6200000,
    55,           0.9800550,      -19241.1640000,
    56,           0.9800560,      -19240.6810000,
    57,           0.9800570,      -19240.1600000,
    58,           0.9800580,      -19239.6900000,
    59,           0.9800590,      -19239.1900000,
    60,           0.9800600,      -19238.7100000,
    61,           0.9800610,      -19238.2200000,
    62,           0.9800620,      -19237.7200000,
    63,           0.9800630,      -19237.2100000,
    64,           0.9800640,      -19236.7600000,
    65,           0.9800650,      -19236.2700000,
    66,           0.9800660,      -19235.7600000,
    67,           0.9800670,      -19235.2630000,
    68,           0.9800680,      -19234.7710000,
    69,           0.9800690,      -19234.2810000,
    70,           0.9800700,      -19233.7920000,
    71,           0.9800710,      -19233.3020000,
    72,           0.9800720,      -19232.8000000,
    73,           0.9800730,      -19232.3500000,
    74,           0.9800740,      -19231.8410000,
    75,           0.9800750,      -19231.3240000,
    76,           0.9800760,      -19230.8330000,
    77,           0.9800770,      -19230.3510000,
    78,           0.9800780,      -19229.8700000,
    79,           0.9800790,      -19229.3800000,
    80,           0.9800800,      -19228.9120000,
    81,           0.9800810,      -19228.3800000,
    82,           0.9800820,      -19227.9300000,
    83,           0.9800830,      -19227.4300000,
    84,           0.9800840,      -19226.9200000,
    85,           0.9800850,      -19226.4300000,
    86,           0.9800860,      -19225.9230000,
    87,           0.9800870,      -19225.4510000,
    88,           0.9800880,      -19224.9600000,
    89,           0.9800890,      -19224.4720000,
    90,           0.9800900,      -19223.9900000,
    91,           0.9800910,      -19223.5100000,
    92,           0.9800920,      -19223.0130000,
    93,           0.9800930,      -19222.5000000,
    94,           0.9800940,      -19222.0100000,
    95,           0.9800950,      -19221.5230000,
    96,           0.9800960,      -19221.0210000,
    97,           0.9800970,      -19220.5400000,
    98,           0.9800980,      -19220.0500000,
    99,           0.9800990,      -19219.5540000,
   100,           0.9801000,      -19219.0800000,
   101,           0.9801010,      -19218.6000000,
   102,           0.9801020,      -19218.0930000,
   103,           0.9801030,      -19217.5910000,
   104,           0.9801040,      -19217.1000000,
   105,           0.9801050,      -19216.6300000,
   106,           0.9801060,      -19216.1400000,
   107,           0.9801070,      -19215.6400000,
   108,           0.9801080,      -19215.1400000,
   109,           0.9801090,      -19214.6730000,
   110,           0.9801100,      -19214.1710000,
   111,           0.9801110,      -19213.6700000,
   112,           0.9801120,      -19213.1600000,
   113,           0.9801130,      -19212.6830000,
   114,           0.9801140,      -19212.2200000,
   115,           0.9801150,      -19211.7100000,
   116,           0.9801160,      -19211.2120000,
   117,           0.9801170,      -19210.7030000,
   118,           0.9801180,      -19210.2420000,
   119,           0.9801190,      -19209.7420000,
   120,           0.9801200,      -19209.2440000,
   121,           0.9801210,      -19208.7500000,
   122,           0.9801220,      -19208.2600000,
   123,           0.9801230,      -19207.7700000,
   124,           0.9801240,      -19207.2800000,
   125,           0.9801250,      -19206.7800000,
   126,           0.9801260,      -19206.2900000,
   127,           0.9801270,      -19205.8240000,
   128,           0.9801280,      -19205.3200000,
   129,           0.9801290,      -19204.8300000,
   130,           0.9801300,      -19204.3400000,
   131,           0.9801310,      -19203.8700000,
   132,           0.9801320,      -19203.3500000,
   133,           0.9801330,      -19202.8700000,
   134,           0.9801340,      -19202.3600000,
   135,           0.9801350,      -19201.8400000,
   136,           0.9801360,      -19201.4000000,
   137,           0.9801370,      -19200.8800000,
   138,           0.9801380,      -19200.3900000,
   139,           0.9801390,      -19199.9000000,
   140,           0.9801400,      -19199.4400000,
   141,           0.9801410,      -19198.9500000,
   142,           0.9801420,      -19198.4330000,
   143,           0.9801430,      -19197.9410000,
   144,           0.9801440,      -19197.4300000,
   145,           0.9801450,      -19196.9700000,
   146,           0.9801460,      -19196.4800000,
   147,           0.9801470,      -19195.9620000,
   148,           0.9801480,      -19195.4800000,
   149,           0.9801490,      -19195.0110000,
   150,           0.9801500,      -19194.5210000,
   151,           0.9801510,      -19194.0030000,
   152,           0.9801520,      -19193.5010000,
   153,           0.9801530,      -19193.0200000,
   154,           0.9801540,      -19192.5400000,
   155,           0.9801550,      -19192.0600000,
   156,           0.9801560,      -19191.5400000,
   157,           0.9801570,      -19191.0420000,
   158,           0.9801580,      -19190.5800000,
   159,           0.9801590,      -19190.0700000,
   160,           0.9801600,      -19189.5930000,
   161,           0.9801610,      -19189.0910000,
   162,           0.9801620,      -19188.5720000,
   163,           0.9801630,      -19188.1100000,
   164,           0.9801640,      -19187.6320000,
   165,           0.9801650,      -19187.1300000,
   166,           0.9801660,      -19186.6400000,
   167,           0.9801670,      -19186.1900000,
   168,           0.9801680,      -19185.6640000,
   169,           0.9801690,      -19185.1600000,
   170,           0.9801700,      -19184.6700000,
   171,           0.9801710,      -19184.1620000,
   172,           0.9801720,      -19183.6900000,
   173,           0.9801730,      -19183.1900000,
   174,           0.9801740,      -19182.6800000,
   175,           0.9801750,      -19182.2010000,
   176,           0.9801760,      -19181.7300000,
   177,           0.9801770,      -19181.2400000,
   178,           0.9801780,      -19180.7500000,
   179,           0.9801790,      -19180.2400000,
   180,           0.9801800,      -19179.7300000,
   181,           0.9801810,      -19179.2810000,
   182,           0.9801820,      -19178.7700000,
   183,           0.9801830,      -19178.2500000,
   184,           0.9801840,      -19177.7710000,
   185,           0.9801850,      -19177.3100000,
   186,           0.9801860,      -19176.8000000,
   187,           0.9801870,      -19176.3000000,
   188,           0.9801880,      -19175.8100000,
   189,           0.9801890,      -19175.3040000,
   190,           0.9801900,      -19174.8400000,
   191,           0.9801910,      -19174.3510000,
   192,           0.9801920,      -19173.8320000,
   193,           0.9801930,      -19173.3400000,
   194,           0.9801940,      -19172.8800000,
   195,           0.9801950,      -19172.3700000,
   196,           0.9801960,      -19171.8700000,
   197,           0.9801970,      -19171.4000000,
   198,           0.9801980,      -19170.8710000,
   199,           0.9801990,      -19170.4020000,
   200,           0.9802000,      -19169.9140000,
   201,           0.9802010,      -19169.3940000,
   202,           0.9802020,      -19168.9000000,
   203,           0.9802030,      -19168.4500000,
   204,           0.9802040,      -19167.9200000,
   205,           0.9802050,      -19167.4600000,
   206,           0.9802060,      -19166.9430000,
   207,           0.9802070,      -19166.4300000,
   208,           0.9802080,      -19165.9800000,
   209,           0.9802090,      -19165.4640000,
   210,           0.9802100,      -19164.9700000,
   211,           0.9802110,      -19164.4600000,
   212,           0.9802120,      -19164.0000000,
   213,           0.9802130,      -19163.4900000,
   214,           0.9802140,      -19163.0000000,
   215,           0.9802150,      -19162.5030000,
   216,           0.9802160,      -19161.9900000,
   217,           0.9802170,      -19161.5210000,
   218,           0.9802180,      -19161.0100000,
   219,           0.9802190,      -19160.5130000,
   220,           0.9802200,      -19160.0200000,
   221,           0.9802210,      -19159.5540000,
   222,           0.9802220,      -19159.0500000,
   223,           0.9802230,      -19158.5300000,
   224,           0.9802240,      -19158.0400000,
   225,           0.9802250,      -19157.5400000,
   226,           0.9802260,      -19157.0640000,
   227,           0.9802270,      -19156.5740000,
   228,           0.9802280,      -19156.0620000,
   229,           0.9802290,      -19243.5830000,
   230,           0.9802300,      -19243.1200000,
   231,           0.9802310,      -19242.6200000,
   232,           0.9802320,      -19242.1230000,
   233,           0.9802330,      -19241.6300000,
   234,           0.9802340,      -19241.1200000,
   235,           0.9802350,      -19240.6500000,
   236,           0.9802360,      -19240.1600000,
   237,           0.9802370,      -19239.6440000,
   238,           0.9802380,      -19239.1520000,
   239,           0.9802390,      -19238.6900000,
   240,           0.9802400,      -19238.1640000,
   241,           0.9802410,      -19237.6800000,
   242,           0.9802420,      -19237.1800000,
   243,           0.9802430,      -19236.6500000,
   244,           0.9802440,      -19236.1830000,
   245,           0.9802450,      -19235.7000000,
   246,           0.9802460,      -19235.1810000,
   247,           0.9802470,      -19234.6900000,
   248,           0.9802480,      -19234.2100000,
   249,           0.9802490,      -19233.7120000,
   250,           0.9802500,      -19233.2100000,
   251,           0.9802510,      -19232.7100000,
   252,           0.9802520,      -19232.2100000,
   253,           0.9802530,      -19231.7400000,
   254,           0.9802540,      -19231.2320000,
   255,           0.9802550,      -19230.7300000,
   256,           0.9802560,      -19230.2320000,
   257,           0.9802570,      -19229.7710000,
   258,           0.9802580,      -19229.2610000,
   259,           0.9802590,      -19228.7700000,
   260,           0.9802600,      -19228.2500000,
   261,           0.9802610,      -19227.7600000,
   262,           0.9802620,      -19227.3000000,
   263,           0.9802630,      -19226.7900000,
   264,           0.9802640,      -19226.3000000,
   265,           0.9802650,      -19225.8100000,
   266,           0.9802660,      -19225.3040000,
   267,           0.9802670,      -19224.8000000,
   268,           0.9802680,      -19224.3200000,
   269,           0.9802690,      -19223.8040000,
   270,           0.9802700,      -19223.2940000,
   271,           0.9802710,      -19222.8500000,
   272,           0.9802720,      -19222.3240000,
   273,           0.9802730,      -19221.8220000,
   274,           0.9802740,      -19309.3530000,
   275,           0.9802750,      -19308.8730000,
   276,           0.9802760,      -19308.3900000,
   277,           0.9802770,      -19307.9000000,
   278,           0.9802780,      -19307.3900000,
   279,           0.9802790,      -19306.8840000,
   280,           0.9802800,      -19306.4140000,
   281,           0.9802810,      -19305.9040000,
   282,           0.9802820,      -19393.4310000,
   283,           0.9802830,      -19392.9400000,
   284,           0.9802840,      -19392.4600000,
   285,           0.9802850,      -19391.9600000,
   286,           0.9802860,      -19391.4620000,
   287,           0.9802870,      -19390.9600000,
   288,           0.9802880,      -19390.4620000,
   289,           0.9802890,      -19389.9800000,
   290,           0.9802900,      -19389.4800000,
   291,           0.9802910,      -19388.9800000,
   292,           0.9802920,      -19388.4820000,
   293,           0.9802930,      -19388.0110000,
   294,           0.9802940,      -19387.5100000,
   295,           0.9802950,      -19387.0030000,
   296,           0.9802960,      -19386.4840000,
   297,           0.9802970,      -19386.0030000,
   298,           0.9802980,      -19385.5310000,
   299,           0.9802990,      -19385.0110000,
   300,           0.9803000,      -19384.5000000,
   301,           0.9803010,      -19384.0100000,
   302,           0.9803020,      -19383.5330000,
   303,           0.9803030,      -19383.0500000,
   304,           0.9803040,      -19382.5540000,
   305,           0.9803050,      -19382.0400000,
   306,           0.9803060,      -19381.5410000,
   307,           0.9803070,      -19381.0700000,
   308,           0.9803080,      -19380.5700000,
   309,           0.9803090,      -19380.0520000,
   310,           0.9803100,      -19379.5600000,
   311,           0.9803110,      -19379.0830000,
   312,           0.9803120,      -19378.5800000,
   313,           0.9803130,      -19378.1000000,
   314,           0.9803140,      -19377.5800000,
   315,           0.9803150,      -19377.0900000,
   316,           0.9803160,      -19376.6000000,
   317,           0.9803170,      -19376.1130000,
   318,           0.9803180,      -19375.6000000,
   319,           0.9803190,      -19375.0900000,
   320,           0.9803200,      -19374.6200000,
   321,           0.9803210,      -19374.1210000,
   322,           0.9803220,      -19373.6300000,
   323,           0.9803230,      -19373.1110000,
   324,           0.9803240,      -19372.6440000,
   325,           0.9803250,      -19372.1230000,
   326,           0.9803260,      -19371.6240000,
   327,           0.9803270,      -19371.1400000,
   328,           0.9803280,      -19370.6300000,
   329,           0.9803290,      -19370.1540000,
   330,           0.9803300,      -19369.6640000,
   331,           0.9803310,      -19369.1500000,
   332,           0.9803320,      -19368.6400000,
   333,           0.9803330,      -19368.1900000,
   334,           0.9803340,      -19367.6500000,
   335,           0.9803350,      -19367.1800000,
   336,           0.9803360,      -19366.7000000,
   337,           0.9803370,      -19366.1640000,
   338,           0.9803380,      -19365.7100000,
   339,           0.9803390,      -19365.2100000,
   340,           0.9803400,      -19364.6900000,
   341,           0.9803410,      -19364.1810000,
   342,           0.9803420,      -19363.7300000,
   343,           0.9803430,      -19363.2140000,
   344,           0.9803440,      -19362.7200000,
   345,           0.9803450,      -19362.2200000,
   346,           0.9803460,      -19361.7100000,
   347,           0.9803470,      -19361.2400000,
   348,           0.9803480,      -19360.7400000,
   349,           0.9803490,      -19360.2140000,
   350,           0.9803500,      -19359.7140000,
   351,           0.9803510,      -19359.2630000,
   352,           0.9803520,      -19358.7600000,
   353,           0.9803530,      -19358.2400000,
   354,           0.9803540,      -19357.7500000,
   355,           0.9803550,      -19357.2300000,
   356,           0.9803560,      -19356.7700000,
   357,           0.9803570,      -19356.2730000,
   358,           0.9803580,      -19355.7420000,
   359,           0.9803590,      -19355.2500000,
   360,           0.9803600,      -19442.8100000,
   361,           0.9803610,      -19442.3040000,
   362,           0.9803620,      -19441.8200000,
   363,           0.9803630,      -19441.3200000,
   364,           0.9803640,      -19440.7940000,
   365,           0.9803650,      -19440.3240000,
   366,           0.9803660,      -19439.8100000,
   367,           0.9803670,      -19439.3200000,
   368,           0.9803680,      -19438.8320000,
   369,           0.9803690,      -19438.3400000,
   370,           0.9803700,      -19437.8330000,
   371,           0.9803710,      -19437.3400000,
   372,           0.9803720,      -19436.8400000,
   373,           0.9803730,      -19436.3200000,
   374,           0.9803740,      -19435.8500000,
   375,           0.9803750,      -19435.3500000,
   376,           0.9803760,      -19434.8430000,
   377,           0.9803770,      -19434.3410000,
   378,           0.9803780,      -19433.8500000,
   379,           0.9803790,      -19433.3530000,
   380,           0.9803800,      -19432.8500000,
   381,           0.9803810,      -19432.3330000,
   382,           0.9803820,      -19431.8400000,
   383,           0.9803830,      -19431.3700000,
   384,           0.9803840,      -19430.8500000,
   385,           0.9803850,      -19430.3400000,
   386,           0.9803860,      -19429.8600000,
   387,           0.9803870,      -19429.3710000,
   388,           0.9803880,      -19428.8510000,
   389,           0.9803890,      -19428.3600000,
   390,           0.9803900,      -19420.4530000,
   391,           0.9803910,      -19419.9400000,
   392,           0.9803920,      -19419.4900000,
   393,           0.9803930,      -19418.9600000,
   394,           0.9803940,      -19418.4600000,
   395,           0.9803950,      -19417.9900000,
   396,           0.9803960,      -19417.4900000,
   397,           0.9803970,      -19416.9900000,
   398,           0.9803980,      -19416.4900000,
   399,           0.9803990,      -19415.9700000,
   400,           0.9804000,      -19415.4700000,
   401,           0.9804010,      -19415.0000000,
   402,           0.9804020,      -19414.4800000,
   403,           0.9804030,      -19413.9840000,
   404,           0.9804040,      -19413.4800000,
   405,           0.9804050,      -19413.0030000,
   406,           0.9804060,      -19412.5100000,
   407,           0.9804070,      -19411.9700000,
   408,           0.9804080,      -19411.4640000,
   409,           0.9804090,      -19499.0110000,
   410,           0.9804100,      -19498.5230000,
   411,           0.9804110,      -19498.0400000,
   412,           0.9804120,      -19497.5300000,
   413,           0.9804130,      -19497.0200000,
   414,           0.9804140,      -19496.5400000,
   415,           0.9804150,      -19496.0500000,
   416,           0.9804160,      -19495.5230000,
   417,           0.9804170,      -19495.0300000,
   418,           0.9804180,      -19494.5100000,
   419,           0.9804190,      -19494.0210000,
   420,           0.9804200,      -19493.5300000,
   421,           0.9804210,      -19493.0300000,
   422,           0.9804220,      -19492.5300000,
   423,           0.9804230,      -19492.0700000,
   424,           0.9804240,      -19491.5500000,
   425,           0.9804250,      -19491.0440000,
   426,           0.9804260,      -19490.5300000,
   427,           0.9804270,      -19490.0400000,
   428,           0.9804280,      -19489.5600000,
   429,           0.9804290,      -19489.0500000,
   430,           0.9804300,      -19488.5540000,
   431,           0.9804310,      -19488.0400000,
   432,           0.9804320,      -19487.5500000,
   433,           0.9804330,      -19487.0500000,
   434,           0.9804340,      -19486.5410000,
   435,           0.9804350,      -19486.0440000,
   436,           0.9804360,      -19485.5400000,
   437,           0.9804370,      -19485.0640000,
   438,           0.9804380,      -19484.5420000,
   439,           0.9804390,      -19484.0330000,
   440,           0.9804400,      -19483.5300000,
   441,           0.9804410,      -19483.0520000,
   442,           0.9804420,      -19482.5230000,
   443,           0.9804430,      -19482.0400000,
   444,           0.9804440,      -19481.5400000,
   445,           0.9804450,      -19481.0110000,
   446,           0.9804460,      -19480.5500000,
   447,           0.9804470,      -19480.0540000,
   448,           0.9804480,      -19479.5300000,
   449,           0.9804490,      -19479.0130000,
   450,           0.9804500,      -19478.5420000,
   451,           0.9804510,      -19478.0330000,
   452,           0.9804520,      -19477.5400000,
   453,           0.9804530,      -19565.0520000,
   454,           0.9804540,      -19564.5400000,
   455,           0.9804550,      -19564.0700000,
   456,           0.9804560,      -19563.5420000,
   457,           0.9804570,      -19563.0410000,
   458,           0.9804580,      -19562.5300000,
   459,           0.9804590,      -19562.0700000,
   460,           0.9804600,      -19561.5440000,
   461,           0.9804610,      -19561.0540000,
   462,           0.9804620,      -19560.5420000,
   463,           0.9804630,      -19560.0230000,
   464,           0.9804640,      -19559.5500000,
   465,           0.9804650,      -19559.0540000,
   466,           0.9804660,      -19558.5400000,
   467,           0.9804670,      -19558.0400000,
   468,           0.9804680,      -19557.5440000,
   469,           0.9804690,      -19557.0400000,
   470,           0.9804700,      -19556.5500000,
   471,           0.9804710,      -19556.0300000,
   472,           0.9804720,      -19555.5200000,
   473,           0.9804730,      -19555.0310000,
   474,           0.9804740,      -19554.5330000,
   475,           0.9804750,      -19554.0210000,
   476,           0.9804760,      -19553.5200000,
   477,           0.9804770,      -19553.0400000,
   478,           0.9804780,      -19552.5310000,
   479,           0.9804790,      -19552.0300000,
   480,           0.9804800,      -19551.5200000,
   481,           0.9804810,      -19551.0000000,
   482,           0.9804820,      -19550.5300000,
   483,           0.9804830,      -19550.0200000,
   484,           0.9804840,      -19549.4940000,
   485,           0.9804850,      -19549.0100000,
   486,           0.9804860,      -19548.5200000,
   487,           0.9804870,      -19548.0200000,
   488,           0.9804880,      -19547.5100000,
   489,           0.9804890,      -19635.0200000,
   490,           0.9804900,      -19634.5300000,
   491,           0.9804910,      -19634.0520000,
   492,           0.9804920,      -19633.5330000,
   493,           0.9804930,      -19633.0230000,
   494,           0.9804940,      -19632.5230000,
   495,           0.9804950,      -19632.0310000,
   496,           0.9804960,      -19631.5300000,
   497,           0.9804970,      -19631.0200000,
   498,           0.9804980,      -19630.5000000,
   499,           0.9804990,      -19630.0200000,
   500,           0.9805000,      -19629.5110000,
   501,           0.9805010,      -19629.0110000,
   502,           0.9805020,      -19628.5210000,
   503,           0.9805030,      -19628.0010000,
   504,           0.9805040,      -19627.5100000,
   505,           0.9805050,      -19627.0230000,
   506,           0.9805060,      -19626.4940000,
   507,           0.9805070,      -19626.0100000,
   508,           0.9805080,      -19625.4900000,
   509,           0.9805090,      -19625.0110000,
   510,           0.9805100,      -19624.5000000,
   511,           0.9805110,      -19624.0000000,
   512,           0.9805120,      -19623.4940000,
   513,           0.9805130,      -19615.6200000,
   514,           0.9805140,      -19615.1240000,
   515,           0.9805150,      -19614.6110000,
   516,           0.9805160,      -19614.1110000,
   517,           0.9805170,      -19613.6100000,
   518,           0.9805180,      -19613.1210000,
   519,           0.9805190,      -19612.6100000,
   520,           0.9805200,      -19612.1100000,
   521,           0.9805210,      -19611.5830000,
   522,           0.9805220,      -19611.1300000,
   523,           0.9805230,      -19610.5930000,
   524,           0.9805240,      -19610.0820000,
   525,           0.9805250,      -19609.5910000,
   526,           0.9805260,      -19609.0830000,
   527,           0.9805270,      -19608.6000000,
   528,           0.9805280,      -19608.0900000,
   529,           0.9805290,      -19607.5830000,
   530,           0.9805300,      -19607.0620000,
   531,           0.9805310,      -19606.5900000,
   532,           0.9805320,      -19606.0700000,
   533,           0.9805330,      -19605.5740000,
   534,           0.9805340,      -19605.0600000,
   535,           0.9805350,      -19604.5700000,
   536,           0.9805360,      -19604.0700000,
   537,           0.9805370,      -19603.5440000,
   538,           0.9805380,      -19603.0440000,
   539,           0.9805390,      -19602.5440000,
   540,           0.9805400,      -19602.0600000,
   541,           0.9805410,      -19601.5440000,
   542,           0.9805420,      -19601.0600000,
   543,           0.9805430,      -19600.5300000,
   544,           0.9805440,      -19600.0410000,
   545,           0.9805450,      -19599.5300000,
   546,           0.9805460,      -19599.0330000,
   547,           0.9805470,      -19598.5100000,
   548,           0.9805480,      -19598.0200000,
   549,           0.9805490,      -19597.5300000,
   550,           0.9805500,      -19597.0100000,
   551,           0.9805510,      -19596.5030000,
   552,           0.9805520,      -19596.0000000,
   553,           0.9805530,      -19595.5100000,
   554,           0.9805540,      -19595.0230000,
   555,           0.9805550,      -19594.5030000,
   556,           0.9805560,      -19593.9900000,
   557,           0.9805570,      -19593.4920000,
   558,           0.9805580,      -19593.0000000,
   559,           0.9805590,      -19592.5000000,
   560,           0.9805600,      -19591.9940000,
   561,           0.9805610,      -19591.4840000,
   562,           0.9805620,      -19591.0010000,
   563,           0.9805630,      -19590.5030000,
   564,           0.9805640,      -19589.9700000,
   565,           0.9805650,      -19589.4800000,
   566,           0.9805660,      -19588.9800000,
   567,           0.9805670,      -19588.4900000,
   568,           0.9805680,      -19676.0110000,
   569,           0.9805690,      -19675.4940000,
   570,           0.9805700,      -19674.9800000,
   571,           0.9805710,      -19674.5130000,
   572,           0.9805720,      -19673.9940000,
   573,           0.9805730,      -19673.4840000,
   574,           0.9805740,      -19761.0110000,
   575,           0.9805750,      -19760.4840000,
   576,           0.9805760,      -19760.0200000,
   577,           0.9805770,      -19759.5110000,
   578,           0.9805780,      -19759.0000000,
   579,           0.9805790,      -19758.4840000,
   580,           0.9805800,      -19758.0100000,
   581,           0.9805810,      -19757.4800000,
   582,           0.9805820,      -19757.0000000,
   583,           0.9805830,      -19756.4920000,
   584,           0.9805840,      -19755.9530000,
   585,           0.9805850,      -19755.4940000,
   586,           0.9805860,      -19754.9900000,
   587,           0.9805870,      -19754.4740000,
   588,           0.9805880,      -19753.9640000,
   589,           0.9805890,      -19753.4940000,
   590,           0.9805900,      -19752.9700000,
   591,           0.9805910,      -19752.4620000,
   592,           0.9805920,      -19751.9530000,
   593,           0.9805930,      -19751.4400000,
   594,           0.9805940,      -19750.9500000,
   595,           0.9805950,      -19750.4400000,
   596,           0.9805960,      -19749.9230000,
   597,           0.9805970,      -19749.4300000,
   598,           0.9805980,      -19748.9330000,
   599,           0.9805990,      -19748.4330000,
   600,           0.9806000,      -19747.9300000,
   601,           0.9806010,      -19747.4100000,
   602,           0.9806020,      -19746.9100000,
   603,           0.9806030,      -19746.4410000,
   604,           0.9806040,      -19745.9120000,
   605,           0.9806050,      -19745.4020000,
   606,           0.9806060,      -19744.9100000,
   607,           0.9806070,      -19744.4140000,
   608,           0.9806080,      -19743.9120000,
   609,           0.9806090,      -19743.3920000,
   610,           0.9806100,      -19742.9000000,
   611,           0.9806110,      -19742.3800000,
   612,           0.9806120,      -19741.9120000,
   613,           0.9806130,      -19741.3820000,
   614,           0.9806140,      -19740.9000000,
   615,           0.9806150,      -19740.3740000,
   616,           0.9806160,      -19739.8940000,
   617,           0.9806170,      -19739.3800000,
   618,           0.9806180,      -19738.8610000,
   619,           0.9806190,      -19738.3510000,
   620,           0.9806200,      -19737.8430000,
   621,           0.9806210,      -19737.3700000,
   622,           0.9806220,      -19736.8530000,
   623,           0.9806230,      -19736.3600000,
   624,           0.9806240,      -19735.8300000,
   625,           0.9806250,      -19735.3600000,
   626,           0.9806260,      -19734.8530000,
   627,           0.9806270,      -19734.3320000,
   628,           0.9806280,      -19733.8200000,
   629,           0.9806290,      -19733.3140000,
   630,           0.9806300,      -19732.8300000,
   631,           0.9806310,      -19732.3240000,
   632,           0.9806320,      -19731.8240000,
   633,           0.9806330,      -19731.3100000,
   634,           0.9806340,      -19730.8200000,
   635,           0.9806350,      -19730.3000000,
   636,           0.9806360,      -19729.7900000,
   637,           0.9806370,      -19729.2810000,
   638,           0.9806380,      -19728.7800000,
   639,           0.9806390,      -19728.3000000,
   640,           0.9806400,      -19727.7940000,
   641,           0.9806410,      -19727.2700000,
   642,           0.9806420,      -19726.7700000,
   643,           0.9806430,      -19726.2940000,
   644,           0.9806440,      -19725.7730000,
   645,           0.9806450,      -19725.2440000,
   646,           0.9806460,      -19724.7510000,
   647,           0.9806470,      -19724.2240000,
   648,           0.9806480,      -19723.7600000,
   649,           0.9806490,      -19723.2400000,
   650,           0.9806500,      -19722.7300000,
   651,           0.9806510,      -19722.2300000,
   652,           0.9806520,      -19721.7530000,
   653,           0.9806530,      -19721.2300000,
   654,           0.9806540,      -19720.7220000,
   655,           0.9806550,      -19720.1900000,
   656,           0.9806560,      -19719.7000000,
   657,           0.9806570,      -19719.2100000,
   658,           0.9806580,      -19718.6900000,
   659,           0.9806590,      -19718.1810000,
   660,           0.9806600,      -19717.6730000,
   661,           0.9806610,      -19717.1800000,
   662,           0.9806620,      -19716.7000000,
   663,           0.9806630,      -19716.1800000,
   664,           0.9806640,      -19715.6620000,
   665,           0.9806650,      -19715.1620000,
   666,           0.9806660,      -19714.6800000,
   667,           0.9806670,      -19714.1700000,
   668,           0.9806680,      -19713.6540000,
   669,           0.9806690,      -19713.1620000,
   670,           0.9806700,      -19712.6620000,
   671,           0.9806710,      -19712.1520000,
   672,           0.9806720,      -19711.6500000,
   673,           0.9806730,      -19711.1300000,
   674,           0.9806740,      -19710.6300000,
   675,           0.9806750,      -19710.1340000,
   676,           0.9806760,      -19709.6200000,
   677,           0.9806770,      -19709.1100000,
   678,           0.9806780,      -19708.5910000,
   679,           0.9806790,      -19708.1300000,
   680,           0.9806800,      -19707.6210000,
   681,           0.9806810,      -19707.1000000,
   682,           0.9806820,      -19706.5800000,
   683,           0.9806830,      -19706.0820000,
   684,           0.9806840,      -19705.5900000,
   685,           0.9806850,      -19705.0800000,
   686,           0.9806860,      -19704.5640000,
   687,           0.9806870,      -19704.0400000,
   688,           0.9806880,      -19703.5740000,
   689,           0.9806890,      -19703.0620000,
   690,           0.9806900,      -19702.5310000,
   691,           0.9806910,      -19790.0440000,
   692,           0.9806920,      -19789.5330000,
   693,           0.9806930,      -19789.0640000,
   694,           0.9806940,      -19788.5800000,
   695,           0.9806950,      -19788.0400000,
   696,           0.9806960,      -19787.5210000,
   697,           0.9806970,      -19787.0540000,
   698,           0.9806980,      -19786.5000000,
   699,           0.9806990,      -19786.0100000,
   700,           0.9807000,      -19785.5130000,
   701,           0.9807010,      -19784.9740000,
   702,           0.9807020,      -19784.4920000,
   703,           0.9807030,      -19783.9840000,
   704,           0.9807040,      -19783.4700000,
   705,           0.9807050,      -19782.9700000,
   706,           0.9807060,      -19782.4840000,
   707,           0.9807070,      -19781.9620000,
   708,           0.9807080,      -19781.4530000,
   709,           0.9807090,      -19780.9140000,
   710,           0.9807100,      -19780.4040000,
   711,           0.9807110,      -19779.9330000,
   712,           0.9807120,      -19779.4140000,
   713,           0.9807130,      -19778.9000000,
   714,           0.9807140,      -19778.4100000,
   715,           0.9807150,      -19777.9100000,
   716,           0.9807160,      -19777.4100000,
   717,           0.9807170,      -19776.8840000,
   718,           0.9807180,      -19776.3600000,
   719,           0.9807190,      -19775.8700000,
   720,           0.9807200,      -19775.3820000,
   721,           0.9807210,      -19774.8630000,
   722,           0.9807220,      -19774.3600000,
   723,           0.9807230,      -19773.8430000,
   724,           0.9807240,      -19773.3600000,
   725,           0.9807250,      -19772.8500000,
   726,           0.9807260,      -19772.3120000,
   727,           0.9807270,      -19771.8100000,
   728,           0.9807280,      -19771.3220000,
   729,           0.9807290,      -19770.8000000,
   730,           0.9807300,      -19770.2940000,
   731,           0.9807310,      -19769.7940000,
   732,           0.9807320,      -19769.2420000,
   733,           0.9807330,      -19768.8000000,
   734,           0.9807340,      -19768.2900000,
   735,           0.9807350,      -19767.7530000,
   736,           0.9807360,      -19767.2500000,
   737,           0.9807370,      -19766.7700000,
   738,           0.9807380,      -19766.2400000,
   739,           0.9807390,      -19765.7300000,
   740,           0.9807400,      -19765.2140000,
   741,           0.9807410,      -19852.7200000,
   742,           0.9807420,      -19852.2530000,
   743,           0.9807430,      -19851.7320000,
   744,           0.9807440,      -19851.1930000,
   745,           0.9807450,      -19850.7030000,
   746,           0.9807460,      -19850.2030000,
   747,           0.9807470,      -19849.6900000,
   748,           0.9807480,      -19849.1600000,
   749,           0.9807490,      -19848.6420000,
   750,           0.9807500,      -19848.1500000,
   751,           0.9807510,      -19847.6600000,
   752,           0.9807520,      -19847.1300000,
   753,           0.9807530,      -19846.6130000,
   754,           0.9807540,      -19846.1100000,
   755,           0.9807550,      -19845.6100000,
   756,           0.9807560,      -19845.1030000,
   757,           0.9807570,      -19844.5740000,
   758,           0.9807580,      -19844.0700000,
   759,           0.9807590,      -19843.5440000,
   760,           0.9807600,      -19843.0500000,
   761,           0.9807610,      -19842.5440000,
   762,           0.9807620,      -19842.0300000,
   763,           0.9807630,      -19841.5000000,
   764,           0.9807640,      -19841.0300000,
   765,           0.9807650,      -19840.5300000,
   766,           0.9807660,      -19839.9920000,
   767,           0.9807670,      -19839.4720000,
   768,           0.9807680,      -19838.9700000,
   769,           0.9807690,      -19838.4700000,
   770,           0.9807700,      -19837.9620000,
   771,           0.9807710,      -19837.4400000,
   772,           0.9807720,      -19836.9200000,
   773,           0.9807730,      -19836.4210000,
   774,           0.9807740,      -19835.8900000,
   775,           0.9807750,      -19835.3730000,
   776,           0.9807760,      -19834.8800000,
   777,           0.9807770,      -19834.3400000,
   778,           0.9807780,      -19833.8700000,
   779,           0.9807790,      -19833.3320000,
   780,           0.9807800,      -19832.8100000,
   781,           0.9807810,      -19832.3040000,
   782,           0.9807820,      -19831.8200000,
   783,           0.9807830,      -19831.2700000,
   784,           0.9807840,      -19830.7710000,
   785,           0.9807850,      -19830.2530000,
   786,           0.9807860,      -19829.7220000,
   787,           0.9807870,      -19829.2500000,
   788,           0.9807880,      -19828.7400000,
   789,           0.9807890,      -19828.1900000,
   790,           0.9807900,      -19827.7000000,
   791,           0.9807910,      -19827.2010000,
   792,           0.9807920,      -19826.6910000,
   793,           0.9807930,      -19826.1710000,
   794,           0.9807940,      -19825.6600000,
   795,           0.9807950,      -19825.1400000,
   796,           0.9807960,      -19824.6500000,
   797,           0.9807970,      -19824.1240000,
   798,           0.9807980,      -19823.6030000,
   799,           0.9807990,      -19823.0800000,
   800,           0.9808000,      -19822.5900000,
   801,           0.9808010,      -19822.0900000,
   802,           0.9808020,      -19821.5600000,
   803,           0.9808030,      -19821.0400000,
   804,           0.9808040,      -19820.5210000,
   805,           0.9808050,      -19820.0200000,
   806,           0.9808060,      -19819.5000000,
   807,           0.9808070,      -19818.9840000,
   808,           0.9808080,      -19818.4700000,
   809,           0.9808090,      -19817.9700000,
   810,           0.9808100,      -19817.4700000,
   811,           0.9808110,      -19816.9230000,
   812,           0.9808120,      -19816.4300000,
   813,           0.9808130,      -19815.8940000,
   814,           0.9808140,      -19815.4200000,
   815,           0.9808150,      -19814.8700000,
   816,           0.9808160,      -19814.3800000,
   817,           0.9808170,      -19813.8500000,
   818,           0.9808180,      -19813.3700000,
   819,           0.9808190,      -19900.8700000,
   820,           0.9808200,      -19900.3510000,
   821,           0.9808210,      -19899.8400000,
   822,           0.9808220,      -19899.3200000,
   823,           0.9808230,      -19898.8300000,
   824,           0.9808240,      -19898.3300000,
   825,           0.9808250,      -19897.8020000,
   826,           0.9808260,      -19897.2830000,
   827,           0.9808270,      -19896.7900000,
   828,           0.9808280,      -19896.2700000,
   829,           0.9808290,      -19895.7510000,
   830,           0.9808300,      -19895.2500000,
   831,           0.9808310,      -19894.6930000,
   832,           0.9808320,      -19894.2300000,
   833,           0.9808330,      -19893.6900000,
   834,           0.9808340,      -19893.1800000,
   835,           0.9808350,      -19892.6600000,
   836,           0.9808360,      -19892.1800000,
   837,           0.9808370,      -19891.6540000,
   838,           0.9808380,      -19891.1500000,
   839,           0.9808390,      -19890.6010000,
   840,           0.9808400,      -19890.0900000,
   841,           0.9808410,      -19889.6130000,
   842,           0.9808420,      -19889.0930000,
   843,           0.9808430,      -19888.5640000,
   844,           0.9808440,      -19888.0800000,
   845,           0.9808450,      -19887.5500000,
   846,           0.9808460,      -19887.0400000,
   847,           0.9808470,      -19886.5000000,
   848,           0.9808480,      -19885.9900000,
   849,           0.9808490,      -19885.4800000,
   850,           0.9808500,      -19884.9940000,
   851,           0.9808510,      -19884.4700000,
   852,           0.9808520,      -19883.9500000,
   853,           0.9808530,      -19883.4120000,
   854,           0.9808540,      -19882.9500000,
   855,           0.9808550,      -19882.4210000,
   856,           0.9808560,      -19881.8800000,
   857,           0.9808570,      -19881.3800000,
   858,           0.9808580,      -19880.8600000,
   859,           0.9808590,      -19873.1300000,
   860,           0.9808600,      -19872.6200000,
   861,           0.9808610,      -19872.0740000,
   862,           0.9808620,      -19871.5640000,
   863,           0.9808630,      -19871.0820000,
   864,           0.9808640,      -19870.5540000,
   865,           0.9808650,      -19870.0440000,
   866,           0.9808660,      -19869.5300000,
   867,           0.9808670,      -19869.0010000,
   868,           0.9808680,      -19868.5200000,
   869,           0.9808690,      -19868.0000000,
   870,           0.9808700,      -19867.4900000,
   871,           0.9808710,      -19866.9640000,
   872,           0.9808720,      -19866.4900000,
   873,           0.9808730,      -19865.9510000,
   874,           0.9808740,      -19865.4230000,
   875,           0.9808750,      -19864.9000000,
   876,           0.9808760,      -19864.3940000,
   877,           0.9808770,      -19863.9020000,
   878,           0.9808780,      -19855.9100000,
   879,           0.9808790,      -19855.3920000,
   880,           0.9808800,      -19854.8700000,
   881,           0.9808810,      -19854.3730000,
   882,           0.9808820,      -19853.8600000,
   883,           0.9808830,      -19853.3400000,
   884,           0.9808840,      -19852.8000000,
   885,           0.9808850,      -19852.2800000,
   886,           0.9808860,      -19851.8000000,
   887,           0.9808870,      -19851.2900000,
   888,           0.9808880,      -19850.7730000,
   889,           0.9808890,      -19850.2420000,
   890,           0.9808900,      -19849.7440000,
   891,           0.9808910,      -19849.2200000,
   892,           0.9808920,      -19848.6900000,
   893,           0.9808930,      -19848.1900000,
   894,           0.9808940,      -19847.6640000,
   895,           0.9808950,      -19847.1600000,
   896,           0.9808960,      -19846.6340000,
   897,           0.9808970,      -19846.1210000,
   898,           0.9808980,      -19845.5900000,
   899,           0.9808990,      -19845.1200000,
   900,           0.9809000,      -19844.5700000,
   901,           0.9809010,      -19844.0600000,
   902,           0.9809020,      -19843.5500000,
   903,           0.9809030,      -19843.0030000,
   904,           0.9809040,      -19842.5400000,
   905,           0.9809050,      -19842.0100000,
   906,           0.9809060,      -19834.2500000,
   907,           0.9809070,      -19833.7300000,
   908,           0.9809080,      -19833.2500000,
   909,           0.9809090,      -19920.7500000,
   910,           0.9809100,      -19920.2300000,
   911,           0.9809110,      -19919.7120000,
   912,           0.9809120,      -19919.1620000,
   913,           0.9809130,      -19918.7000000,
   914,           0.9809140,      -19918.1700000,
   915,           0.9809150,      -19917.6600000,
   916,           0.9809160,      -19917.1320000,
   917,           0.9809170,      -19916.6400000,
   918,           0.9809180,      -19916.1200000,
   919,           0.9809190,      -19915.6200000,
   920,           0.9809200,      -19915.0900000,
   921,           0.9809210,      -19914.6100000,
   922,           0.9809220,      -19914.0900000,
   923,           0.9809230,      -19913.5500000,
   924,           0.9809240,      -19913.0410000,
   925,           0.9809250,      -19912.5400000,
   926,           0.9809260,      -19912.0300000,
   927,           0.9809270,      -19911.5230000,
   928,           0.9809280,      -19910.9700000,
   929,           0.9809290,      -19910.4700000,
   930,           0.9809300,      -19909.9940000,
   931,           0.9809310,      -19909.4500000,
   932,           0.9809320,      -19908.9310000,
   933,           0.9809330,      -19908.4310000,
   934,           0.9809340,      -19907.8820000,
   935,           0.9809350,      -19907.3920000,
   936,           0.9809360,      -19906.8800000,
   937,           0.9809370,      -19906.3430000,
   938,           0.9809380,      -19905.8300000,
   939,           0.9809390,      -19905.3140000,
   940,           0.9809400,      -19904.8120000,
   941,           0.9809410,      -19904.3000000,
   942,           0.9809420,      -19903.7700000,
   943,           0.9809430,      -19903.2500000,
   944,           0.9809440,      -19902.7600000,
   945,           0.9809450,      -19902.2200000,
   946,           0.9809460,      -19901.7000000,
   947,           0.9809470,      -19901.1900000,
   948,           0.9809480,      -19900.7000000,
   949,           0.9809490,      -19900.1700000,
   950,           0.9809500,      -19899.6640000,
   951,           0.9809510,      -19899.1200000,
   952,           0.9809520,      -19898.6010000,
   953,           0.9809530,      -19898.1110000,
   954,           0.9809540,      -19897.6100000,
   955,           0.9809550,      -19897.0900000,
   956,           0.9809560,      -19896.5500000,
   957,           0.9809570,      -19896.0600000,
   958,           0.9809580,      -19895.5420000,
   959,           0.9809590,      -19895.0100000,
   960,           0.9809600,      -19894.5000000,
   961,           0.9809610,      -19893.9800000,
   962,           0.9809620,      -19893.4900000,
   963,           0.9809630,      -19892.9600000,
   964,           0.9809640,      -19892.4500000,
   965,           0.9809650,      -19891.8940000,
   966,           0.9809660,      -19891.4300000,
   967,           0.9809670,      -19890.8920000,
   968,           0.9809680,      -19890.3800000,
   969,           0.9809690,      -19889.8500000,
   970,           0.9809700,      -19889.3240000,
   971,           0.9809710,      -19888.8500000,
   972,           0.9809720,      -19888.3300000,
   973,           0.9809730,      -19887.7900000,
   974,           0.9809740,      -19887.2610000,
   975,           0.9809750,      -19886.7800000,
   976,           0.9809760,      -19886.2530000,
   977,           0.9809770,      -19885.7500000,
   978,           0.9809780,      -19885.1930000,
   979,           0.9809790,      -19884.7000000,
   980,           0.9809800,      -19884.2000000,
   981,           0.9809810,      -19883.6800000,
   982,           0.9809820,      -19883.1520000,
   983,           0.9809830,      -19882.6340000,
   984,           0.9809840,      -19882.1400000,
   985,           0.9809850,      -19881.6130000,
   986,           0.9809860,      -19881.0800000,
   987,           0.9809870,      -19880.5600000,
   988,           0.9809880,      -19880.0440000,
   989,           0.9809890,      -19879.5600000,
   990,           0.9809900,      -19879.0300000,
   991,           0.9809910,      -19878.5200000,
   992,           0.9809920,      -19877.9640000,
   993,           0.9809930,      -19877.4740000,
   994,           0.9809940,      -19876.9840000,
   995,           0.9809950,      -19876.4300000,
   996,           0.9809960,      -19875.9500000,
   997,           0.9809970,      -19875.4020000,
   998,           0.9809980,      -19874.9040000,
   999,           0.9809990,      -19874.4000000,
  1000,           0.9810000,      -19873.8700000,
  1001,           0.9810010,      -19873.3500000,
  1002,           0.9810020,      -19872.8700000,
  1003,           0.9810030,      -19872.3100000,
  1004,           0.9810040,      -19871.8040000,
  1005,           0.9810050,      -19871.2920000,
  1006,           0.9810060,      -19870.7630000,
  1007,           0.9810070,      -19870.2900000,
  1008,           0.9810080,      -19869.7710000,
  1009,           0.9810090,      -19869.2300000,
  1010,           0.9810100,      -19868.7000000,
  1011,           0.9810110,      -19868.1810000,
  1012,           0.9810120,      -19867.6900000,
  1013,           0.9810130,      -19867.1600000,
  1014,           0.9810140,      -19866.6300000,
  1015,           0.9810150,      -19866.1100000,
  1016,           0.9810160,      -19865.6300000,
  1017,           0.9810170,      -19865.1010000,
  1018,           0.9810180,      -19864.5600000,
  1019,           0.9810190,      -19864.0540000,
  1020,           0.9810200,      -19863.5600000,
  1021,           0.9810210,      -19863.0400000,
  1022,           0.9810220,      -19862.5000000,
  1023,           0.9810230,      -19861.9900000,
  1024,           0.9810240,      -19861.4700000,
  1025,           0.9810250,      -19860.9700000,
  1026,           0.9810260,      -19860.4530000,
  1027,           0.9810270,      -19859.9400000,
  1028,           0.9810280,      -19859.4000000,
  1029,           0.9810290,      -19858.9210000,
  1030,           0.9810300,      -19858.3840000,
  1031,           0.9810310,      -19857.8600000,
  1032,           0.9810320,      -19857.3430000,
  1033,           0.9810330,      -19856.8140000,
  1034,           0.9810340,      -19856.3100000,
  1035,           0.9810350,      -19855.7910000,
  1036,           0.9810360,      -19855.2700000,
  1037,           0.9810370,      -19854.7300000,
  1038,           0.9810380,      -19854.2630000,
  1039,           0.9810390,      -19853.7200000,
  1040,           0.9810400,      -19853.2000000,
  1041,           0.9810410,      -19852.6600000,
  1042,           0.9810420,      -19852.1400000,
  1043,           0.9810430,      -19851.6600000,
  1044,           0.9810440,      -19851.1030000,
  1045,           0.9810450,      -19850.6130000,
  1046,           0.9810460,      -19850.0800000,
  1047,           0.9810470,      -19849.5600000,
  1048,           0.9810480,      -19849.0500000,
  1049,           0.9810490,      -19848.5300000,
  1050,           0.9810500,      -19848.0000000,
  1051,           0.9810510,      -19847.4740000,
  1052,           0.9810520,      -19846.9920000,
  1053,           0.9810530,      -19846.4430000,
  1054,           0.9810540,      -19845.9300000,
  1055,           0.9810550,      -19845.3800000,
  1056,           0.9810560,      -19844.9100000,
  1057,           0.9810570,      -19844.3900000,
  1058,           0.9810580,      -19843.8330000,
  1059,           0.9810590,      -19843.3300000,
  1060,           0.9810600,      -19842.8000000,
  1061,           0.9810610,      -19842.3000000,
  1062,           0.9810620,      -19841.7800000,
  1063,           0.9810630,      -19841.2530000,
  1064,           0.9810640,      -19840.7100000,
  1065,           0.9810650,      -19840.2200000,
  1066,           0.9810660,      -19839.7000000,
  1067,           0.9810670,      -19839.1700000,
  1068,           0.9810680,      -19838.6600000,
  1069,           0.9810690,      -19838.1240000,
  1070,           0.9810700,      -19837.6400000,
  1071,           0.9810710,      -19837.1110000,
  1072,           0.9810720,      -19836.5900000,
  1073,           0.9810730,      -19836.0600000,
  1074,           0.9810740,      -19835.5600000,
  1075,           0.9810750,      -19835.0130000,
  1076,           0.9810760,      -19834.5200000,
  1077,           0.9810770,      -19833.9800000,
  1078,           0.9810780,      -19833.4400000,
  1079,           0.9810790,      -19832.9620000,
  1080,           0.9810800,      -19832.4300000,
  1081,           0.9810810,      -19831.9140000,
  1082,           0.9810820,      -19831.3840000,
  1083,           0.9810830,      -19830.8710000,
  1084,           0.9810840,      -19830.3600000,
  1085,           0.9810850,      -19829.8040000,
  1086,           0.9810860,      -19829.2800000,
  1087,           0.9810870,      -19828.7700000,
  1088,           0.9810880,      -19828.2500000,
  1089,           0.9810890,      -19827.7120000,
  1090,           0.9810900,      -19827.1900000,
  1091,           0.9810910,      -19826.6800000,
  1092,           0.9810920,      -19826.1710000,
  1093,           0.9810930,      -19825.6600000,
  1094,           0.9810940,      -19825.1000000,
  1095,           0.9810950,      -19824.5830000,
  1096,           0.9810960,      -19824.0420000,
  1097,           0.9810970,      -19823.5720000,
  1098,           0.9810980,      -19823.0200000,
  1099,           0.9810990,      -19822.5000000,
  1100,           0.9811000,      -19821.9700000,
  1101,           0.9811010,      -19821.4700000,
  1102,           0.9811020,      -19820.9330000,
  1103,           0.9811030,      -19820.4100000,
  1104,           0.9811040,      -19819.9000000,
  1105,           0.9811050,      -19819.3600000,
  1106,           0.9811060,      -19818.8500000,
  1107,           0.9811070,      -19818.3300000,
  1108,           0.9811080,      -19817.8140000,
  1109,           0.9811090,      -19817.2700000,
  1110,           0.9811100,      -19816.7710000,
  1111,           0.9811110,      -19816.2400000,
  1112,           0.9811120,      -19815.7100000,
  1113,           0.9811130,      -19815.1900000,
  1114,           0.9811140,      -19814.6900000,
  1115,           0.9811150,      -19814.1700000,
  1116,           0.9811160,      -19813.6300000,
  1117,           0.9811170,      -19813.0900000,
  1118,           0.9811180,      -19812.5420000,
  1119,           0.9811190,      -19812.0540000,
  1120,           0.9811200,      -19811.5300000,
  1121,           0.9811210,      -19811.0100000,
  1122,           0.9811220,      -19810.4700000,
  1123,           0.9811230,      -19809.9740000,
  1124,           0.9811240,      -19809.4330000,
  1125,           0.9811250,      -19808.9210000,
  1126,           0.9811260,      -19808.3600000,
  1127,           0.9811270,      -19807.8400000,
  1128,           0.9811280,      -19807.3500000,
  1129,           0.9811290,      -19806.8200000,
  1130,           0.9811300,      -19806.2900000,
  1131,           0.9811310,      -19805.7530000,
  1132,           0.9811320,      -19805.2600000,
  1133,           0.9811330,      -19804.7100000,
  1134,           0.9811340,      -19804.2000000,
  1135,           0.9811350,      -19803.6600000,
  1136,           0.9811360,      -19803.1340000,
  1137,           0.9811370,      -19802.6100000,
  1138,           0.9811380,      -19802.0900000,
  1139,           0.9811390,      -19801.5640000,
  1140,           0.9811400,      -19801.0330000,
  1141,           0.9811410,      -19800.5440000,
  1142,           0.9811420,      -19800.0100000,
  1143,           0.9811430,      -19799.4620000,
  1144,           0.9811440,      -19798.9200000,
  1145,           0.9811450,      -19798.4000000,
  1146,           0.9811460,      -19797.8900000,
  1147,           0.9811470,      -19797.3900000,
  1148,           0.9811480,      -19796.8330000,
  1149,           0.9811490,      -19796.3100000,
  1150,           0.9811500,      -19795.8020000,
  1151,           0.9811510,      -19795.2800000,
  1152,           0.9811520,      -19794.7500000,
  1153,           0.9811530,      -19794.2100000,
  1154,           0.9811540,      -19793.6730000,
  1155,           0.9811550,      -19793.1800000,
  1156,           0.9811560,      -19792.6500000,
  1157,           0.9811570,      -19792.1200000,
  1158,           0.9811580,      -19791.5720000,
  1159,           0.9811590,      -19791.0820000,
  1160,           0.9811600,      -19790.5600000,
  1161,           0.9811610,      -19790.0200000,
  1162,           0.9811620,      -19789.4720000,
  1163,           0.9811630,      -19788.9600000,
  1164,           0.9811640,      -19788.4800000,
  1165,           0.9811650,      -19787.9200000,
  1166,           0.9811660,      -19787.3900000,
  1167,           0.9811670,      -19786.8500000,
  1168,           0.9811680,      -19786.3530000,
  1169,           0.9811690,      -19785.8320000,
  1170,           0.9811700,      -19785.2920000,
  1171,           0.9811710,      -19784.7830000,
  1172,           0.9811720,      -19784.2400000,
  1173,           0.9811730,      -19783.7300000,
  1174,           0.9811740,      -19783.2010000,
  1175,           0.9811750,      -19782.6710000,
  1176,           0.9811760,      -19782.1400000,
  1177,           0.9811770,      -19781.6340000,
  1178,           0.9811780,      -19781.1010000,
  1179,           0.9811790,      -19780.5700000,
  1180,           0.9811800,      -19780.0420000,
  1181,           0.9811810,      -19779.5130000,
  1182,           0.9811820,      -19779.0100000,
  1183,           0.9811830,      -19778.4740000,
  1184,           0.9811840,      -19777.9330000,
  1185,           0.9811850,      -19777.4040000,
  1186,           0.9811860,      -19776.9000000,
  1187,           0.9811870,      -19776.3630000,
  1188,           0.9811880,      -19775.8410000,
  1189,           0.9811890,      -19775.3100000,
  1190,           0.9811900,      -19774.7810000,
  1191,           0.9811910,      -19774.2810000,
  1192,           0.9811920,      -19773.7320000,
  1193,           0.9811930,      -19773.2200000,
  1194,           0.9811940,      -19772.6700000,
  1195,           0.9811950,      -19772.1800000,
  1196,           0.9811960,      -19771.6500000,
  1197,           0.9811970,      -19771.1110000,
  1198,           0.9811980,      -19770.5830000,
  1199,           0.9811990,      -19770.0400000,
  1200,           0.9812000,      -19769.5400000,
  1201,           0.9812010,      -19769.0100000,
  1202,           0.9812020,      -19768.4900000,
  1203,           0.9812030,      -19767.9500000,
  1204,           0.9812040,      -19767.4500000,
  1205,           0.9812050,      -19766.9140000,
  1206,           0.9812060,      -19766.3900000,
  1207,           0.9812070,      -19765.8500000,
  1208,           0.9812080,      -19853.3220000,
  1209,           0.9812090,      -19852.8410000,
  1210,           0.9812100,      -19852.3200000,
  1211,           0.9812110,      -19851.7730000,
  1212,           0.9812120,      -19851.2300000,
  1213,           0.9812130,      -19850.7300000,
  1214,           0.9812140,      -19850.2000000,
  1215,           0.9812150,      -19849.6900000,
  1216,           0.9812160,      -19849.1300000,
  1217,           0.9812170,      -19848.6030000,
  1218,           0.9812180,      -19848.1100000,
  1219,           0.9812190,      -19847.5620000,
  1220,           0.9812200,      -19847.0300000,
  1221,           0.9812210,      -19846.5200000,
  1222,           0.9812220,      -19846.0030000,
  1223,           0.9812230,      -19845.4600000,
  1224,           0.9812240,      -19844.9330000,
  1225,           0.9812250,      -19844.4100000,
  1226,           0.9812260,      -19843.8900000,
  1227,           0.9812270,      -19843.3800000,
  1228,           0.9812280,      -19842.8500000,
  1229,           0.9812290,      -19842.3220000,
  1230,           0.9812300,      -19841.7800000,
  1231,           0.9812310,      -19841.2900000,
  1232,           0.9812320,      -19840.7320000,
  1233,           0.9812330,      -19840.2200000,
  1234,           0.9812340,      -19839.6600000,
  1235,           0.9812350,      -19839.1400000,
  1236,           0.9812360,      -19838.6440000,
  1237,           0.9812370,      -19838.1100000,
  1238,           0.9812380,      -19837.5700000,
  1239,           0.9812390,      -19837.0310000,
  1240,           0.9812400,      -19836.5310000,
  1241,           0.9812410,      -19836.0000000,
  1242,           0.9812420,      -19835.4740000,
  1243,           0.9812430,      -19834.9210000,
  1244,           0.9812440,      -19834.4000000,
  1245,           0.9812450,      -19833.9100000,
  1246,           0.9812460,      -19833.3710000,
  1247,           0.9812470,      -19832.8200000,
  1248,           0.9812480,      -19832.2900000,
  1249,           0.9812490,      -19831.7920000,
  1250,           0.9812500,      -19824.1230000,
  1251,           0.9812510,      -19823.5720000,
  1252,           0.9812520,      -19823.0440000,
  1253,           0.9812530,      -19822.5300000,
  1254,           0.9812540,      -19822.0100000,
  1255,           0.9812550,      -19821.4800000,
  1256,           0.9812560,      -19820.9400000,
  1257,           0.9812570,      -19820.3900000,
  1258,           0.9812580,      -19819.8940000,
  1259,           0.9812590,      -19819.3600000,
  1260,           0.9812600,      -19818.8200000,
  1261,           0.9812610,      -19818.2830000,
  1262,           0.9812620,      -19817.7420000,
  1263,           0.9812630,      -19817.2500000,
  1264,           0.9812640,      -19816.7240000,
  1265,           0.9812650,      -19816.1900000,
  1266,           0.9812660,      -19815.6400000,
  1267,           0.9812670,      -19815.1300000,
  1268,           0.9812680,      -19814.5900000,
  1269,           0.9812690,      -19814.0640000,
  1270,           0.9812700,      -19813.5400000,
  1271,           0.9812710,      -19813.0030000,
  1272,           0.9812720,      -19812.5130000,
  1273,           0.9812730,      -19811.9600000,
  1274,           0.9812740,      -19811.4300000,
  1275,           0.9812750,      -19810.8700000,
  1276,           0.9812760,      -19810.3900000,
  1277,           0.9812770,      -19809.8410000,
  1278,           0.9812780,      -19809.3000000,
  1279,           0.9812790,      -19808.7700000,
  1280,           0.9812800,      -19808.2400000,
  1281,           0.9812810,      -19807.7300000,
  1282,           0.9812820,      -19807.1930000,
  1283,           0.9812830,      -19806.6730000,
  1284,           0.9812840,      -19806.1100000,
  1285,           0.9812850,      -19805.6300000,
  1286,           0.9812860,      -19805.0700000,
  1287,           0.9812870,      -19804.5400000,
  1288,           0.9812880,      -19804.0200000,
  1289,           0.9812890,      -19803.4640000,
  1290,           0.9812900,      -19802.9700000,
  1291,           0.9812910,      -19802.4300000,
  1292,           0.9812920,      -19801.8800000,
  1293,           0.9812930,      -19801.3700000,
  1294,           0.9812940,      -19800.8500000,
  1295,           0.9812950,      -19800.3020000,
  1296,           0.9812960,      -19799.7800000,
  1297,           0.9812970,      -19799.2300000,
  1298,           0.9812980,      -19798.6910000,
  1299,           0.9812990,      -19798.2000000,
  1300,           0.9813000,      -19797.6500000,
  1301,           0.9813010,      -19797.1100000,
  1302,           0.9813020,      -19796.5700000,
  1303,           0.9813030,      -19796.0910000,
  1304,           0.9813040,      -19795.5400000,
  1305,           0.9813050,      -19795.0000000,
  1306,           0.9813060,      -19794.4840000,
  1307,           0.9813070,      -19793.9310000,
  1308,           0.9813080,      -19793.4300000,
  1309,           0.9813090,      -19792.8900000,
  1310,           0.9813100,      -19792.3530000,
  1311,           0.9813110,      -19791.7940000,
  1312,           0.9813120,      -19791.3020000,
  1313,           0.9813130,      -19790.7600000,
  1314,           0.9813140,      -19790.2340000,
  1315,           0.9813150,      -19789.7100000,
  1316,           0.9813160,      -19789.1910000,
  1317,           0.9813170,      -19788.6600000,
  1318,           0.9813180,      -19788.1100000,
  1319,           0.9813190,      -19787.5700000,
  1320,           0.9813200,      -19787.0600000,
  1321,           0.9813210,      -19786.5500000,
  1322,           0.9813220,      -19786.0200000,
  1323,           0.9813230,      -19785.4800000,
  1324,           0.9813240,      -19784.9300000,
  1325,           0.9813250,      -19784.4200000,
  1326,           0.9813260,      -19783.8920000,
  1327,           0.9813270,      -19783.3400000,
  1328,           0.9813280,      -19782.8320000,
  1329,           0.9813290,      -19782.2730000,
  1330,           0.9813300,      -19781.7700000,
  1331,           0.9813310,      -19781.2400000,
  1332,           0.9813320,      -19780.7000000,
  1333,           0.9813330,      -19780.1600000,
  1334,           0.9813340,      -19779.6440000,
  1335,           0.9813350,      -19779.1130000,
  1336,           0.9813360,      -19778.5800000,
  1337,           0.9813370,      -19778.0400000,
  1338,           0.9813380,      -19777.5000000,
  1339,           0.9813390,      -19776.9940000,
  1340,           0.9813400,      -19776.4600000,
  1341,           0.9813410,      -19775.8940000,
  1342,           0.9813420,      -19775.3900000,
  1343,           0.9813430,      -19774.8630000,
  1344,           0.9813440,      -19774.3600000,
  1345,           0.9813450,      -19773.7910000,
  1346,           0.9813460,      -19773.2530000,
  1347,           0.9813470,      -19772.7240000,
  1348,           0.9813480,      -19772.2030000,
  1349,           0.9813490,      -19771.6640000,
  1350,           0.9813500,      -19771.1500000,
  1351,           0.9813510,      -19770.6000000,
  1352,           0.9813520,      -19770.0900000,
  1353,           0.9813530,      -19769.5600000,
  1354,           0.9813540,      -19769.0310000,
  1355,           0.9813550,      -19768.4820000,
  1356,           0.9813560,      -19767.9300000,
  1357,           0.9813570,      -19767.4300000,
  1358,           0.9813580,      -19766.8900000,
  1359,           0.9813590,      -19766.3500000,
  1360,           0.9813600,      -19765.8200000,
  1361,           0.9813610,      -19765.3020000,
  1362,           0.9813620,      -19764.7710000,
  1363,           0.9813630,      -19764.2300000,
  1364,           0.9813640,      -19763.6800000,
  1365,           0.9813650,      -19763.1600000,
  1366,           0.9813660,      -19755.1800000,
  1367,           0.9813670,      -19754.6200000,
  1368,           0.9813680,      -19754.0900000,
  1369,           0.9813690,      -19753.5310000,
  1370,           0.9813700,      -19753.0500000,
  1371,           0.9813710,      -19752.5100000,
  1372,           0.9813720,      -19751.9530000,
  1373,           0.9813730,      -19751.4310000,
  1374,           0.9813740,      -19750.9100000,
  1375,           0.9813750,      -19750.3800000,
  1376,           0.9813760,      -19749.8630000,
  1377,           0.9813770,      -19749.3020000,
  1378,           0.9813780,      -19748.7600000,
  1379,           0.9813790,      -19748.2700000,
  1380,           0.9813800,      -19747.7100000,
  1381,           0.9813810,      -19747.1810000,
  1382,           0.9813820,      -19746.6520000,
  1383,           0.9813830,      -19746.1200000,
  1384,           0.9813840,      -19745.5910000,
  1385,           0.9813850,      -19745.0500000,
  1386,           0.9813860,      -19744.5230000,
  1387,           0.9813870,      -19743.9900000,
  1388,           0.9813880,      -19743.4700000,
  1389,           0.9813890,      -19742.9140000,
  1390,           0.9813900,      -19742.4100000,
  1391,           0.9813910,      -19741.8600000,
  1392,           0.9813920,      -19741.3000000,
  1393,           0.9813930,      -19740.8120000,
  1394,           0.9813940,      -19740.2730000,
  1395,           0.9813950,      -19739.7500000,
  1396,           0.9813960,      -19739.2000000,
  1397,           0.9813970,      -19738.6800000,
  1398,           0.9813980,      -19738.1320000,
  1399,           0.9813990,      -19737.6000000,
  1400,           0.9814000,      -19737.0800000,
  1401,           0.9814010,      -19736.5200000,
  1402,           0.9814020,      -19736.0330000,
  1403,           0.9814030,      -19735.4840000,
  1404,           0.9814040,      -19734.9600000,
  1405,           0.9814050,      -19734.4140000,
  1406,           0.9814060,      -19733.9000000,
  1407,           0.9814070,      -19733.3700000,
  1408,           0.9814080,      -19732.8400000,
  1409,           0.9814090,      -19732.2800000,
  1410,           0.9814100,      -19731.7500000,
  1411,           0.9814110,      -19731.2300000,
  1412,           0.9814120,      -19730.6800000,
  1413,           0.9814130,      -19730.1520000,
  1414,           0.9814140,      -19729.6210000,
  1415,           0.9814150,      -19729.1000000,
  1416,           0.9814160,      -19728.5740000,
  1417,           0.9814170,      -19728.0300000,
  1418,           0.9814180,      -19727.5100000,
  1419,           0.9814190,      -19726.9800000,
  1420,           0.9814200,      -19726.4430000,
  1421,           0.9814210,      -19725.9100000,
  1422,           0.9814220,      -19725.3600000,
  1423,           0.9814230,      -19724.8140000,
  1424,           0.9814240,      -19724.3400000,
  1425,           0.9814250,      -19723.7920000,
  1426,           0.9814260,      -19723.2300000,
  1427,           0.9814270,      -19722.7100000,
  1428,           0.9814280,      -19722.1520000,
  1429,           0.9814290,      -19721.6520000,
  1430,           0.9814300,      -19721.1200000,
  1431,           0.9814310,      -19720.5640000,
  1432,           0.9814320,      -19720.0400000,
  1433,           0.9814330,      -19719.5230000,
  1434,           0.9814340,      -19718.9840000,
  1435,           0.9814350,      -19718.4600000,
  1436,           0.9814360,      -19717.9020000,
  1437,           0.9814370,      -19717.3630000,
  1438,           0.9814380,      -19716.8600000,
  1439,           0.9814390,      -19716.3200000,
  1440,           0.9814400,      -19715.7710000,
  1441,           0.9814410,      -19715.2300000,
  1442,           0.9814420,      -19714.7200000,
  1443,           0.9814430,      -19714.1800000,
  1444,           0.9814440,      -19713.6420000,
  1445,           0.9814450,      -19713.1000000,
  1446,           0.9814460,      -19712.5400000,
  1447,           0.9814470,      -19712.0600000,
  1448,           0.9814480,      -19711.5010000,
  1449,           0.9814490,      -19710.9700000,
  1450,           0.9814500,      -19798.4500000,
  1451,           0.9814510,      -19797.9300000,
  1452,           0.9814520,      -19797.3900000,
  1453,           0.9814530,      -19796.8500000,
  1454,           0.9814540,      -19796.3020000,
  1455,           0.9814550,      -19795.7700000,
  1456,           0.9814560,      -19795.2730000,
  1457,           0.9814570,      -19794.7100000,
  1458,           0.9814580,      -19794.1730000,
  1459,           0.9814590,      -19793.6300000,
  1460,           0.9814600,      -19793.1100000,
  1461,           0.9814610,      -19792.5620000,
  1462,           0.9814620,      -19792.0130000,
  1463,           0.9814630,      -19791.4800000,
  1464,           0.9814640,      -19790.9400000,
  1465,           0.9814650,      -19790.4020000,
  1466,           0.9814660,      -19789.8800000,
  1467,           0.9814670,      -19789.3100000,
  1468,           0.9814680,      -19788.7910000,
  1469,           0.9814690,      -19788.2910000,
  1470,           0.9814700,      -19787.7200000,
  1471,           0.9814710,      -19787.1810000,
  1472,           0.9814720,      -19786.6240000,
  1473,           0.9814730,      -19786.0900000,
  1474,           0.9814740,      -19785.5700000,
  1475,           0.9814750,      -19785.0200000,
  1476,           0.9814760,      -19784.4700000,
  1477,           0.9814770,      -19783.9200000,
  1478,           0.9814780,      -19783.4200000,
  1479,           0.9814790,      -19782.8800000,
  1480,           0.9814800,      -19782.3400000,
  1481,           0.9814810,      -19781.7800000,
  1482,           0.9814820,      -19781.2300000,
  1483,           0.9814830,      -19780.6930000,
  1484,           0.9814840,      -19780.1700000,
  1485,           0.9814850,      -19779.6340000,
  1486,           0.9814860,      -19779.0700000,
  1487,           0.9814870,      -19778.5500000,
  1488,           0.9814880,      -19778.0100000,
  1489,           0.9814890,      -19777.4600000,
  1490,           0.9814900,      -19776.9230000,
  1491,           0.9814910,      -19776.3500000,
  1492,           0.9814920,      -19775.8530000,
  1493,           0.9814930,      -19775.3140000,
  1494,           0.9814940,      -19774.7510000,
  1495,           0.9814950,      -19774.2300000,
  1496,           0.9814960,      -19773.6800000,
  1497,           0.9814970,      -19773.1420000,
  1498,           0.9814980,      -19772.6030000,
  1499,           0.9814990,      -19772.0500000,
  1500,           0.9815000,      -19771.5000000,
  1501,           0.9815010,      -19770.9900000,
  1502,           0.9815020,      -19770.4430000,
  1503,           0.9815030,      -19769.8900000,
  1504,           0.9815040,      -19769.3400000,
  1505,           0.9815050,      -19768.8400000,
  1506,           0.9815060,      -19768.2900000,
  1507,           0.9815070,      -19767.7220000,
  1508,           0.9815080,      -19767.1800000,
  1509,           0.9815090,      -19766.6910000,
  1510,           0.9815100,      -19766.1300000,
  1511,           0.9815110,      -19765.5900000,
  1512,           0.9815120,      -19765.0440000,
  1513,           0.9815130,      -19764.4800000,
  1514,           0.9815140,      -19763.9900000,
  1515,           0.9815150,      -19763.4140000,
  1516,           0.9815160,      -19762.8800000,
  1517,           0.9815170,      -19762.3500000,
  1518,           0.9815180,      -19761.8100000,
  1519,           0.9815190,      -19761.2810000,
  1520,           0.9815200,      -19760.7300000,
  1521,           0.9815210,      -19760.1900000,
  1522,           0.9815220,      -19759.6400000,
  1523,           0.9815230,      -19759.1010000,
  1524,           0.9815240,      -19758.5740000,
  1525,           0.9815250,      -19758.0300000,
  1526,           0.9815260,      -19757.4900000,
  1527,           0.9815270,      -19756.9700000,
  1528,           0.9815280,      -19756.3900000,
  1529,           0.9815290,      -19755.8700000,
  1530,           0.9815300,      -19755.3100000,
  1531,           0.9815310,      -19754.7700000,
  1532,           0.9815320,      -19754.2530000,
  1533,           0.9815330,      -19753.7030000,
  1534,           0.9815340,      -19753.1600000,
  1535,           0.9815350,      -19752.6110000,
  1536,           0.9815360,      -19752.1000000,
  1537,           0.9815370,      -19839.5820000,
  1538,           0.9815380,      -19839.0500000,
  1539,           0.9815390,      -19838.4700000,
  1540,           0.9815400,      -19837.9230000,
  1541,           0.9815410,      -19837.4100000,
  1542,           0.9815420,      -19836.8600000,
  1543,           0.9815430,      -19836.3140000,
  1544,           0.9815440,      -19835.7510000,
  1545,           0.9815450,      -19835.2530000,
  1546,           0.9815460,      -19834.7200000,
  1547,           0.9815470,      -19834.1500000,
  1548,           0.9815480,      -19833.5930000,
  1549,           0.9815490,      -19833.0540000,
  1550,           0.9815500,      -19832.5440000,
  1551,           0.9815510,      -19832.0100000,
  1552,           0.9815520,      -19831.4310000,
  1553,           0.9815530,      -19830.9100000,
  1554,           0.9815540,      -19830.3710000,
  1555,           0.9815550,      -19829.8400000,
  1556,           0.9815560,      -19829.3000000,
  1557,           0.9815570,      -19828.7400000,
  1558,           0.9815580,      -19828.2000000,
  1559,           0.9815590,      -19827.6830000,
  1560,           0.9815600,      -19827.1300000,
  1561,           0.9815610,      -19826.5800000,
  1562,           0.9815620,      -19826.0030000,
  1563,           0.9815630,      -19825.5000000,
  1564,           0.9815640,      -19824.9720000,
  1565,           0.9815650,      -19824.4000000,
  1566,           0.9815660,      -19823.8700000,
  1567,           0.9815670,      -19823.3120000,
  1568,           0.9815680,      -19822.8040000,
  1569,           0.9815690,      -19822.2500000,
  1570,           0.9815700,      -19821.7030000,
  1571,           0.9815710,      -19821.1620000,
  1572,           0.9815720,      -19820.6500000,
  1573,           0.9815730,      -19820.0800000,
  1574,           0.9815740,      -19819.5440000,
  1575,           0.9815750,      -19819.0000000,
  1576,           0.9815760,      -19818.4500000,
  1577,           0.9815770,      -19817.9500000,
  1578,           0.9815780,      -19817.3740000,
  1579,           0.9815790,      -19816.8300000,
  1580,           0.9815800,      -19816.2900000,
  1581,           0.9815810,      -19815.7600000,
  1582,           0.9815820,      -19815.2200000,
  1583,           0.9815830,      -19814.6730000,
  1584,           0.9815840,      -19814.1300000,
  1585,           0.9815850,      -19813.5900000,
  1586,           0.9815860,      -19813.0420000,
  1587,           0.9815870,      -19812.5000000,
  1588,           0.9815880,      -19811.9400000,
  1589,           0.9815890,      -19811.4000000,
  1590,           0.9815900,      -19810.8940000,
  1591,           0.9815910,      -19810.3400000,
  1592,           0.9815920,      -19809.7920000,
  1593,           0.9815930,      -19801.7710000,
  1594,           0.9815940,      -19801.1930000,
  1595,           0.9815950,      -19800.7030000,
  1596,           0.9815960,      -19800.1240000,
  1597,           0.9815970,      -19799.6000000,
  1598,           0.9815980,      -19799.0420000,
  1599,           0.9815990,      -19798.5000000,
  1600,           0.9816000,      -19797.9700000,
  1601,           0.9816010,      -19797.4200000,
  1602,           0.9816020,      -19796.8800000,
  1603,           0.9816030,      -19796.3410000,
  1604,           0.9816040,      -19795.7920000,
  1605,           0.9816050,      -19795.2510000,
  1606,           0.9816060,      -19794.7120000,
  1607,           0.9816070,      -19794.1520000,
  1608,           0.9816080,      -19793.6400000,
  1609,           0.9816090,      -19793.0700000,
  1610,           0.9816100,      -19792.5300000,
  1611,           0.9816110,      -19791.9840000,
  1612,           0.9816120,      -19791.4300000,
  1613,           0.9816130,      -19790.9100000,
  1614,           0.9816140,      -19790.3530000,
  1615,           0.9816150,      -19789.8140000,
  1616,           0.9816160,      -19789.2600000,
  1617,           0.9816170,      -19788.7420000,
  1618,           0.9816180,      -19788.1700000,
  1619,           0.9816190,      -19787.6340000,
  1620,           0.9816200,      -19787.0740000,
  1621,           0.9816210,      -19786.5300000,
  1622,           0.9816220,      -19785.9940000,
  1623,           0.9816230,      -19785.4600000,
  1624,           0.9816240,      -19784.9000000,
  1625,           0.9816250,      -19784.3400000,
  1626,           0.9816260,      -19783.8320000,
  1627,           0.9816270,      -19783.2940000,
  1628,           0.9816280,      -19782.7320000,
  1629,           0.9816290,      -19782.1830000,
  1630,           0.9816300,      -19781.6300000,
  1631,           0.9816310,      -19781.1240000,
  1632,           0.9816320,      -19780.5600000,
  1633,           0.9816330,      -19780.0030000,
  1634,           0.9816340,      -19779.4600000,
  1635,           0.9816350,      -19778.9400000,
  1636,           0.9816360,      -19778.3840000,
  1637,           0.9816370,      -19777.8410000,
  1638,           0.9816380,      -19777.2800000,
  1639,           0.9816390,      -19776.7400000,
  1640,           0.9816400,      -19776.2200000,
  1641,           0.9816410,      -19775.6540000,
  1642,           0.9816420,      -19775.1100000,
  1643,           0.9816430,      -19774.5410000,
  1644,           0.9816440,      -19774.0420000,
  1645,           0.9816450,      -19773.5010000,
  1646,           0.9816460,      -19772.9100000,
  1647,           0.9816470,      -19772.3900000,
  1648,           0.9816480,      -19771.8400000,
  1649,           0.9816490,      -19771.2830000,
  1650,           0.9816500,      -19770.7510000,
  1651,           0.9816510,      -19770.2000000,
  1652,           0.9816520,      -19769.6340000,
  1653,           0.9816530,      -19769.1300000,
  1654,           0.9816540,      -19768.5620000,
  1655,           0.9816550,      -19768.0230000,
  1656,           0.9816560,      -19767.4600000,
  1657,           0.9816570,      -19766.9020000,
  1658,           0.9816580,      -19766.3900000,
  1659,           0.9816590,      -19765.8300000,
  1660,           0.9816600,      -19765.2900000,
  1661,           0.9816610,      -19764.7400000,
  1662,           0.9816620,      -19764.1910000,
  1663,           0.9816630,      -19763.6540000,
  1664,           0.9816640,      -19763.0930000,
  1665,           0.9816650,      -19762.5600000,
  1666,           0.9816660,      -19761.9900000,
  1667,           0.9816670,      -19761.4700000,
  1668,           0.9816680,      -19760.9200000,
  1669,           0.9816690,      -19760.3510000,
  1670,           0.9816700,      -19759.8000000,
  1671,           0.9816710,      -19759.3100000,
  1672,           0.9816720,      -19758.7300000,
  1673,           0.9816730,      -19758.1900000,
  1674,           0.9816740,      -19757.6340000,
  1675,           0.9816750,      -19757.0740000,
  1676,           0.9816760,      -19756.5500000,
  1677,           0.9816770,      -19755.9720000,
  1678,           0.9816780,      -19755.4330000,
  1679,           0.9816790,      -19754.8920000,
  1680,           0.9816800,      -19754.3410000,
  1681,           0.9816810,      -19753.8000000,
  1682,           0.9816820,      -19753.2300000,
  1683,           0.9816830,      -19752.6800000,
  1684,           0.9816840,      -19752.1300000,
  1685,           0.9816850,      -19751.6030000,
  1686,           0.9816860,      -19751.0420000,
  1687,           0.9816870,      -19750.4720000,
  1688,           0.9816880,      -19749.9500000,
  1689,           0.9816890,      -19749.4140000,
  1690,           0.9816900,      -19748.8500000,
  1691,           0.9816910,      -19748.3100000,
  1692,           0.9816920,      -19747.7420000,
  1693,           0.9816930,      -19747.1900000,
  1694,           0.9816940,      -19746.6540000,
  1695,           0.9816950,      -19746.0900000,
  1696,           0.9816960,      -19745.5500000,
  1697,           0.9816970,      -19744.9920000,
  1698,           0.9816980,      -19744.4500000,
  1699,           0.9816990,      -19743.9100000,
  1700,           0.9817000,      -19743.3220000,
  1701,           0.9817010,      -19742.7730000,
  1702,           0.9817020,      -19742.2440000,
  1703,           0.9817030,      -19741.7010000,
  1704,           0.9817040,      -19741.1520000,
  1705,           0.9817050,      -19740.6100000,
  1706,           0.9817060,      -19740.0300000,
  1707,           0.9817070,      -19739.5200000,
  1708,           0.9817080,      -19738.9430000,
  1709,           0.9817090,      -19738.3940000,
  1710,           0.9817100,      -19737.8700000,
  1711,           0.9817110,      -19737.3000000,
  1712,           0.9817120,      -19736.7800000,
  1713,           0.9817130,      -19736.2100000,
  1714,           0.9817140,      -19735.6700000,
  1715,           0.9817150,      -19735.1210000,
  1716,           0.9817160,      -19734.5620000,
  1717,           0.9817170,      -19734.0100000,
  1718,           0.9817180,      -19733.4740000,
  1719,           0.9817190,      -19732.9000000,
  1720,           0.9817200,      -19732.3740000,
  1721,           0.9817210,      -19731.8000000,
  1722,           0.9817220,      -19731.2510000,
  1723,           0.9817230,      -19730.7100000,
  1724,           0.9817240,      -19730.1600000,
  1725,           0.9817250,      -19729.6340000,
  1726,           0.9817260,      -19729.0520000,
  1727,           0.9817270,      -19728.5100000,
  1728,           0.9817280,      -19727.9530000,
  1729,           0.9817290,      -19815.4430000,
  1730,           0.9817300,      -19814.9100000,
  1731,           0.9817310,      -19814.3100000,
  1732,           0.9817320,      -19813.7730000,
  1733,           0.9817330,      -19813.2200000,
  1734,           0.9817340,      -19812.6900000,
  1735,           0.9817350,      -19812.1400000,
  1736,           0.9817360,      -19811.6030000,
  1737,           0.9817370,      -19811.0210000,
  1738,           0.9817380,      -19810.5000000,
  1739,           0.9817390,      -19809.9140000,
  1740,           0.9817400,      -19809.3900000,
  1741,           0.9817410,      -19808.8200000,
  1742,           0.9817420,      -19808.2630000,
  1743,           0.9817430,      -19807.7200000,
  1744,           0.9817440,      -19807.1600000,
  1745,           0.9817450,      -19806.5930000,
  1746,           0.9817460,      -19806.0500000,
  1747,           0.9817470,      -19805.5100000,
  1748,           0.9817480,      -19804.9500000,
  1749,           0.9817490,      -19804.4020000,
  1750,           0.9817500,      -19803.8200000,
  1751,           0.9817510,      -19803.2700000,
  1752,           0.9817520,      -19802.7400000,
  1753,           0.9817530,      -19802.1830000,
  1754,           0.9817540,      -19801.6200000,
  1755,           0.9817550,      -19801.0520000,
  1756,           0.9817560,      -19800.5330000,
  1757,           0.9817570,      -19799.9700000,
  1758,           0.9817580,      -19799.4100000,
  1759,           0.9817590,      -19798.8400000,
  1760,           0.9817600,      -19798.2940000,
  1761,           0.9817610,      -19797.7700000,
  1762,           0.9817620,      -19797.2010000,
  1763,           0.9817630,      -19796.6400000,
  1764,           0.9817640,      -19796.0900000,
  1765,           0.9817650,      -19795.5330000,
  1766,           0.9817660,      -19794.9900000,
  1767,           0.9817670,      -19794.4140000,
  1768,           0.9817680,      -19793.8700000,
  1769,           0.9817690,      -19793.3100000,
  1770,           0.9817700,      -19792.7530000,
  1771,           0.9817710,      -19880.2300000,
  1772,           0.9817720,      -19879.6710000,
  1773,           0.9817730,      -19879.1130000,
  1774,           0.9817740,      -19878.5900000,
  1775,           0.9817750,      -19878.0200000,
  1776,           0.9817760,      -19877.4600000,
  1777,           0.9817770,      -19876.9000000,
  1778,           0.9817780,      -19876.3300000,
  1779,           0.9817790,      -19875.8100000,
  1780,           0.9817800,      -19875.2340000,
  1781,           0.9817810,      -19874.6700000,
  1782,           0.9817820,      -19874.1230000,
  1783,           0.9817830,      -19873.5910000,
  1784,           0.9817840,      -19873.0300000,
  1785,           0.9817850,      -19872.4800000,
  1786,           0.9817860,      -19871.9100000,
  1787,           0.9817870,      -19871.3500000,
  1788,           0.9817880,      -19870.8220000,
  1789,           0.9817890,      -19870.2510000,
  1790,           0.9817900,      -19869.7200000,
  1791,           0.9817910,      -19869.1300000,
  1792,           0.9817920,      -19868.6100000,
  1793,           0.9817930,      -19868.0500000,
  1794,           0.9817940,      -19867.4840000,
  1795,           0.9817950,      -19866.9300000,
  1796,           0.9817960,      -19866.3500000,
  1797,           0.9817970,      -19865.8300000,
  1798,           0.9817980,      -19865.2530000,
  1799,           0.9817990,      -19864.7000000,
  1800,           0.9818000,      -19864.1500000,
  1801,           0.9818010,      -19863.6000000,
  1802,           0.9818020,      -19863.0600000,
  1803,           0.9818030,      -19862.4900000,
  1804,           0.9818040,      -19861.9140000,
  1805,           0.9818050,      -19861.3700000,
  1806,           0.9818060,      -19860.8300000,
  1807,           0.9818070,      -19860.2800000,
  1808,           0.9818080,      -19859.7300000,
  1809,           0.9818090,      -19859.1400000,
  1810,           0.9818100,      -19858.6400000,
  1811,           0.9818110,      -19858.0500000,
  1812,           0.9818120,      -19857.5000000,
  1813,           0.9818130,      -19856.9400000,
  1814,           0.9818140,      -19856.3800000,
  1815,           0.9818150,      -19855.8510000,
  1816,           0.9818160,      -19855.2900000,
  1817,           0.9818170,      -19854.7100000,
  1818,           0.9818180,      -19854.1540000,
  1819,           0.9818190,      -19853.6210000,
  1820,           0.9818200,      -19853.0720000,
  1821,           0.9818210,      -19852.5100000,
  1822,           0.9818220,      -19851.9410000,
  1823,           0.9818230,      -19851.3800000,
  1824,           0.9818240,      -19850.8500000,
  1825,           0.9818250,      -19850.2830000,
  1826,           0.9818260,      -19849.7140000,
  1827,           0.9818270,      -19849.1700000,
  1828,           0.9818280,      -19848.6300000,
  1829,           0.9818290,      -19848.0600000,
  1830,           0.9818300,      -19847.5100000,
  1831,           0.9818310,      -19846.9500000,
  1832,           0.9818320,      -19846.3800000,
  1833,           0.9818330,      -19845.8500000,
  1834,           0.9818340,      -19845.2700000,
  1835,           0.9818350,      -19844.7300000,
  1836,           0.9818360,      -19844.1600000,
  1837,           0.9818370,      -19843.6300000,
  1838,           0.9818380,      -19843.0600000,
  1839,           0.9818390,      -19842.5200000,
  1840,           0.9818400,      -19841.9410000,
  1841,           0.9818410,      -19841.3700000,
  1842,           0.9818420,      -19840.8300000,
  1843,           0.9818430,      -19840.2810000,
  1844,           0.9818440,      -19839.7300000,
  1845,           0.9818450,      -19839.1600000,
  1846,           0.9818460,      -19838.6340000,
  1847,           0.9818470,      -19838.0700000,
  1848,           0.9818480,      -19837.5030000,
  1849,           0.9818490,      -19836.9300000,
  1850,           0.9818500,      -19836.3600000,
  1851,           0.9818510,      -19835.8430000,
  1852,           0.9818520,      -19835.2700000,
  1853,           0.9818530,      -19834.7220000,
  1854,           0.9818540,      -19834.1700000,
  1855,           0.9818550,      -19833.6240000,
  1856,           0.9818560,      -19833.0740000,
  1857,           0.9818570,      -19832.5000000,
  1858,           0.9818580,      -19831.9400000,
  1859,           0.9818590,      -19831.3900000,
  1860,           0.9818600,      -19830.8500000,
  1861,           0.9818610,      -19830.2920000,
  1862,           0.9818620,      -19829.7420000,
  1863,           0.9818630,      -19829.1420000,
  1864,           0.9818640,      -19828.6440000,
  1865,           0.9818650,      -19828.0700000,
  1866,           0.9818660,      -19827.5100000,
  1867,           0.9818670,      -19826.9500000,
  1868,           0.9818680,      -19826.3800000,
  1869,           0.9818690,      -19825.8530000,
  1870,           0.9818700,      -19825.2920000,
  1871,           0.9818710,      -19824.7200000,
  1872,           0.9818720,      -19824.1700000,
  1873,           0.9818730,      -19823.6300000,
  1874,           0.9818740,      -19823.0640000,
  1875,           0.9818750,      -19822.5200000,
  1876,           0.9818760,      -19821.9500000,
  1877,           0.9818770,      -19821.3700000,
  1878,           0.9818780,      -19820.8500000,
  1879,           0.9818790,      -19820.2900000,
  1880,           0.9818800,      -19819.7200000,
  1881,           0.9818810,      -19819.1640000,
  1882,           0.9818820,      -19818.6340000,
  1883,           0.9818830,      -19818.0600000,
  1884,           0.9818840,      -19817.5100000,
  1885,           0.9818850,      -19816.9410000,
  1886,           0.9818860,      -19816.3800000,
  1887,           0.9818870,      -19815.8600000,
  1888,           0.9818880,      -19815.2700000,
  1889,           0.9818890,      -19814.7200000,
  1890,           0.9818900,      -19814.1540000,
  1891,           0.9818910,      -19813.6100000,
  1892,           0.9818920,      -19813.0700000,
  1893,           0.9818930,      -19812.4720000,
  1894,           0.9818940,      -19811.9300000,
  1895,           0.9818950,      -19811.3820000,
  1896,           0.9818960,      -19810.8240000,
  1897,           0.9818970,      -19810.3000000,
  1898,           0.9818980,      -19809.7000000,
  1899,           0.9818990,      -19809.1400000,
  1900,           0.9819000,      -19808.6400000,
  1901,           0.9819010,      -19808.0520000,
  1902,           0.9819020,      -19807.4740000,
  1903,           0.9819030,      -19806.9300000,
  1904,           0.9819040,      -19806.4100000,
  1905,           0.9819050,      -19805.8320000,
  1906,           0.9819060,      -19805.2710000,
  1907,           0.9819070,      -19804.7100000,
  1908,           0.9819080,      -19804.1500000,
  1909,           0.9819090,      -19803.6100000,
  1910,           0.9819100,      -19803.0700000,
  1911,           0.9819110,      -19802.5000000,
  1912,           0.9819120,      -19801.9300000,
  1913,           0.9819130,      -19801.3900000,
  1914,           0.9819140,      -19800.8400000,
  1915,           0.9819150,      -19800.2600000,
  1916,           0.9819160,      -19799.6800000,
  1917,           0.9819170,      -19799.1500000,
  1918,           0.9819180,      -19798.6210000,
  1919,           0.9819190,      -19798.0300000,
  1920,           0.9819200,      -19797.4820000,
  1921,           0.9819210,      -19796.9100000,
  1922,           0.9819220,      -19796.3920000,
  1923,           0.9819230,      -19795.8300000,
  1924,           0.9819240,      -19795.2530000,
  1925,           0.9819250,      -19794.7000000,
  1926,           0.9819260,      -19794.1200000,
  1927,           0.9819270,      -19793.5910000,
  1928,           0.9819280,      -19793.0420000,
  1929,           0.9819290,      -19792.4800000,
  1930,           0.9819300,      -19791.9100000,
  1931,           0.9819310,      -19791.3700000,
  1932,           0.9819320,      -19790.8000000,
  1933,           0.9819330,      -19790.2800000,
  1934,           0.9819340,      -19789.6730000,
  1935,           0.9819350,      -19789.1130000,
  1936,           0.9819360,      -19788.5830000,
  1937,           0.9819370,      -19788.0300000,
  1938,           0.9819380,      -19787.4720000,
  1939,           0.9819390,      -19786.8800000,
  1940,           0.9819400,      -19786.3840000,
  1941,           0.9819410,      -19785.7920000,
  1942,           0.9819420,      -19785.2500000,
  1943,           0.9819430,      -19784.6800000,
  1944,           0.9819440,      -19784.1100000,
  1945,           0.9819450,      -19783.5740000,
  1946,           0.9819460,      -19783.0200000,
  1947,           0.9819470,      -19782.4530000,
  1948,           0.9819480,      -19781.8900000,
  1949,           0.9819490,      -19781.3400000,
  1950,           0.9819500,      -19780.8000000,
  1951,           0.9819510,      -19780.2400000,
  1952,           0.9819520,      -19779.6700000,
  1953,           0.9819530,      -19779.1000000,
  1954,           0.9819540,      -19778.5640000,
  1955,           0.9819550,      -19778.0100000,
  1956,           0.9819560,      -19777.4410000,
  1957,           0.9819570,      -19776.8700000,
  1958,           0.9819580,      -19776.3600000,
  1959,           0.9819590,      -19775.7920000,
  1960,           0.9819600,      -19775.2300000,
  1961,           0.9819610,      -19774.6700000,
  1962,           0.9819620,      -19774.0830000,
  1963,           0.9819630,      -19773.5600000,
  1964,           0.9819640,      -19772.9740000,
  1965,           0.9819650,      -19772.4200000,
  1966,           0.9819660,      -19771.8600000,
  1967,           0.9819670,      -19771.3100000,
  1968,           0.9819680,      -19770.7500000,
  1969,           0.9819690,      -19770.1800000,
  1970,           0.9819700,      -19769.6200000,
  1971,           0.9819710,      -19769.0600000,
  1972,           0.9819720,      -19768.5030000,
  1973,           0.9819730,      -19767.9410000,
  1974,           0.9819740,      -19767.3800000,
  1975,           0.9819750,      -19766.8300000,
  1976,           0.9819760,      -19766.3100000,
  1977,           0.9819770,      -19765.7200000,
  1978,           0.9819780,      -19765.1640000,
  1979,           0.9819790,      -19764.5900000,
  1980,           0.9819800,      -19764.0000000,
  1981,           0.9819810,      -19763.4900000,
  1982,           0.9819820,      -19762.9230000,
  1983,           0.9819830,      -19762.3510000,
  1984,           0.9819840,      -19761.7900000,
  1985,           0.9819850,      -19761.2420000,
  1986,           0.9819860,      -19760.6830000,
  1987,           0.9819870,      -19760.1100000,
  1988,           0.9819880,      -19759.5500000,
  1989,           0.9819890,      -19758.9900000,
  1990,           0.9819900,      -19758.4410000,
  1991,           0.9819910,      -19757.8800000,
  1992,           0.9819920,      -19757.3100000,
  1993,           0.9819930,      -19756.7600000,
  1994,           0.9819940,      -19756.2100000,
  1995,           0.9819950,      -19755.6500000,
  1996,           0.9819960,      -19755.0930000,
  1997,           0.9819970,      -19754.5200000,
  1998,           0.9819980,      -19753.9400000,
  1999,           0.9819990,      -19753.4300000,
  2000,           0.9820000,      -19752.8510000,
  2001,           0.9820010,      -19752.2900000,
  2002,           0.9820020,      -19751.7100000,
  2003,           0.9820030,      -19751.1800000,
  2004,           0.9820040,      -19750.6230000,
  2005,           0.9820050,      -19750.0400000,
  2006,           0.9820060,      -19749.4800000,
  2007,           0.9820070,      -19748.8900000,
  2008,           0.9820080,      -19748.3800000,
  2009,           0.9820090,      -19747.8240000,
  2010,           0.9820100,      -19747.2400000,
  2011,           0.9820110,      -19746.6800000,
  2012,           0.9820120,      -19746.1440000,
  2013,           0.9820130,      -19745.5800000,
  2014,           0.9820140,      -19745.0200000,
  2015,           0.9820150,      -19744.4330000,
  2016,           0.9820160,      -19736.2730000,
  2017,           0.9820170,      -19735.7400000,
  2018,           0.9820180,      -19735.1800000,
  2019,           0.9820190,      -19734.6300000,
  2020,           0.9820200,      -19734.0300000,
  2021,           0.9820210,      -19733.5000000,
  2022,           0.9820220,      -19732.9400000,
  2023,           0.9820230,      -19732.3730000,
  2024,           0.9820240,      -19731.8200000,
  2025,           0.9820250,      -19731.2400000,
  2026,           0.9820260,      -19730.7000000,
  2027,           0.9820270,      -19730.1210000,
  2028,           0.9820280,      -19729.5500000,
  2029,           0.9820290,      -19729.0100000,
  2030,           0.9820300,      -19728.4500000,
  2031,           0.9820310,      -19727.8730000,
  2032,           0.9820320,      -19727.3220000,
  2033,           0.9820330,      -19726.7630000,
  2034,           0.9820340,      -19726.1910000,
  2035,           0.9820350,      -19725.6640000,
  2036,           0.9820360,      -19725.1100000,
  2037,           0.9820370,      -19724.5300000,
  2038,           0.9820380,      -19723.9600000,
  2039,           0.9820390,      -19723.4300000,
  2040,           0.9820400,      -19722.8500000,
  2041,           0.9820410,      -19722.2920000,
  2042,           0.9820420,      -19721.7340000,
  2043,           0.9820430,      -19721.1600000,
  2044,           0.9820440,      -19720.6110000,
  2045,           0.9820450,      -19720.0500000,
  2046,           0.9820460,      -19719.4800000,
  2047,           0.9820470,      -19718.9300000,
  2048,           0.9820480,      -19718.3920000,
  2049,           0.9820490,      -19717.8200000,
  2050,           0.9820500,      -19717.2500000,
  2051,           0.9820510,      -19716.6700000,
  2052,           0.9820520,      -19716.1200000,
  2053,           0.9820530,      -19715.5700000,
  2054,           0.9820540,      -19715.0200000,
  2055,           0.9820550,      -19714.4330000,
  2056,           0.9820560,      -19713.8800000,
  2057,           0.9820570,      -19713.3430000,
  2058,           0.9820580,      -19712.7700000,
  2059,           0.9820590,      -19712.2000000,
  2060,           0.9820600,      -19711.6200000,
  2061,           0.9820610,      -19799.1010000,
  2062,           0.9820620,      -19798.5640000,
  2063,           0.9820630,      -19797.9900000,
  2064,           0.9820640,      -19797.4500000,
  2065,           0.9820650,      -19796.8510000,
  2066,           0.9820660,      -19796.3200000,
  2067,           0.9820670,      -19795.7700000,
  2068,           0.9820680,      -19795.1800000,
  2069,           0.9820690,      -19794.6100000,
  2070,           0.9820700,      -19794.0310000,
  2071,           0.9820710,      -19793.5000000,
  2072,           0.9820720,      -19792.9430000,
  2073,           0.9820730,      -19792.3800000,
  2074,           0.9820740,      -19791.8100000,
  2075,           0.9820750,      -19791.2700000,
  2076,           0.9820760,      -19790.7030000,
  2077,           0.9820770,      -19790.1600000,
  2078,           0.9820780,      -19789.5800000,
  2079,           0.9820790,      -19789.0400000,
  2080,           0.9820800,      -19788.4600000,
  2081,           0.9820810,      -19787.8900000,
  2082,           0.9820820,      -19787.3300000,
  2083,           0.9820830,      -19786.7600000,
  2084,           0.9820840,      -19786.2140000,
  2085,           0.9820850,      -19785.6340000,
  2086,           0.9820860,      -19785.0900000,
  2087,           0.9820870,      -19784.5200000,
  2088,           0.9820880,      -19783.9510000,
  2089,           0.9820890,      -19783.4300000,
  2090,           0.9820900,      -19782.8410000,
  2091,           0.9820910,      -19782.2800000,
  2092,           0.9820920,      -19781.6910000,
  2093,           0.9820930,      -19781.1620000,
  2094,           0.9820940,      -19780.6210000,
  2095,           0.9820950,      -19780.0310000,
  2096,           0.9820960,      -19779.4700000,
  2097,           0.9820970,      -19778.9040000,
  2098,           0.9820980,      -19778.3600000,
  2099,           0.9820990,      -19777.7940000,
  2100,           0.9821000,      -19777.2100000,
  2101,           0.9821010,      -19776.6600000,
  2102,           0.9821020,      -19776.1200000,
  2103,           0.9821030,      -19775.5300000,
  2104,           0.9821040,      -19774.9900000,
  2105,           0.9821050,      -19774.4230000,
  2106,           0.9821060,      -19773.8800000,
  2107,           0.9821070,      -19773.3100000,
  2108,           0.9821080,      -19772.7500000,
  2109,           0.9821090,      -19772.1730000,
  2110,           0.9821100,      -19771.5910000,
  2111,           0.9821110,      -19771.0540000,
  2112,           0.9821120,      -19770.4920000,
  2113,           0.9821130,      -19769.9100000,
  2114,           0.9821140,      -19769.3700000,
  2115,           0.9821150,      -19768.8100000,
  2116,           0.9821160,      -19768.2510000,
  2117,           0.9821170,      -19767.6830000,
  2118,           0.9821180,      -19767.1100000,
  2119,           0.9821190,      -19766.5330000,
  2120,           0.9821200,      -19765.9900000,
  2121,           0.9821210,      -19765.4400000,
  2122,           0.9821220,      -19764.8800000,
  2123,           0.9821230,      -19764.3100000,
  2124,           0.9821240,      -19763.7630000,
  2125,           0.9821250,      -19763.1700000,
  2126,           0.9821260,      -19762.6010000,
  2127,           0.9821270,      -19762.0520000,
  2128,           0.9821280,      -19761.4640000,
  2129,           0.9821290,      -19760.9330000,
  2130,           0.9821300,      -19760.3530000,
  2131,           0.9821310,      -19759.7800000,
  2132,           0.9821320,      -19759.2300000,
  2133,           0.9821330,      -19758.7030000,
  2134,           0.9821340,      -19758.1230000,
  2135,           0.9821350,      -19757.5420000,
  2136,           0.9821360,      -19756.9840000,
  2137,           0.9821370,      -19756.4100000,
  2138,           0.9821380,      -19755.8710000,
  2139,           0.9821390,      -19755.3100000,
  2140,           0.9821400,      -19754.7140000,
  2141,           0.9821410,      -19754.1640000,
  2142,           0.9821420,      -19753.6400000,
  2143,           0.9821430,      -19753.0540000,
  2144,           0.9821440,      -19752.5200000,
  2145,           0.9821450,      -19751.9020000,
  2146,           0.9821460,      -19751.3530000,
  2147,           0.9821470,      -19750.8430000,
  2148,           0.9821480,      -19750.2600000,
  2149,           0.9821490,      -19749.6800000,
  2150,           0.9821500,      -19749.1100000,
  2151,           0.9821510,      -19748.5800000,
  2152,           0.9821520,      -19748.0110000,
  2153,           0.9821530,      -19747.4300000,
  2154,           0.9821540,      -19746.8710000,
  2155,           0.9821550,      -19746.2900000,
  2156,           0.9821560,      -19745.7800000,
  2157,           0.9821570,      -19745.2100000,
  2158,           0.9821580,      -19744.6030000,
  2159,           0.9821590,      -19744.0600000,
  2160,           0.9821600,      -19743.5130000,
  2161,           0.9821610,      -19742.9400000,
  2162,           0.9821620,      -19742.3800000,
  2163,           0.9821630,      -19741.8000000,
  2164,           0.9821640,      -19741.2220000,
  2165,           0.9821650,      -19740.7000000,
  2166,           0.9821660,      -19740.1340000,
  2167,           0.9821670,      -19739.5600000,
  2168,           0.9821680,      -19738.9840000,
  2169,           0.9821690,      -19738.4500000,
  2170,           0.9821700,      -19737.8600000,
  2171,           0.9821710,      -19737.3000000,
  2172,           0.9821720,      -19736.7500000,
  2173,           0.9821730,      -19736.1640000,
  2174,           0.9821740,      -19735.6300000,
  2175,           0.9821750,      -19735.0410000,
  2176,           0.9821760,      -19734.4940000,
  2177,           0.9821770,      -19733.9140000,
  2178,           0.9821780,      -19733.3630000,
  2179,           0.9821790,      -19732.8000000,
  2180,           0.9821800,      -19732.2200000,
  2181,           0.9821810,      -19731.6500000,
  2182,           0.9821820,      -19731.1000000,
  2183,           0.9821830,      -19730.5600000,
  2184,           0.9821840,      -19729.9800000,
  2185,           0.9821850,      -19729.4020000,
  2186,           0.9821860,      -19728.8300000,
  2187,           0.9821870,      -19728.3140000,
  2188,           0.9821880,      -19727.7300000,
  2189,           0.9821890,      -19727.1700000,
  2190,           0.9821900,      -19726.5900000,
  2191,           0.9821910,      -19726.0200000,
  2192,           0.9821920,      -19725.4820000,
  2193,           0.9821930,      -19724.8940000,
  2194,           0.9821940,      -19724.3330000,
  2195,           0.9821950,      -19723.7500000,
  2196,           0.9821960,      -19723.2300000,
  2197,           0.9821970,      -19722.6620000,
  2198,           0.9821980,      -19722.0740000,
  2199,           0.9821990,      -19721.5100000,
  2200,           0.9822000,      -19720.9230000,
  2201,           0.9822010,      -19720.3940000,
  2202,           0.9822020,      -19719.8200000,
  2203,           0.9822030,      -19719.2530000,
  2204,           0.9822040,      -19718.6800000,
  2205,           0.9822050,      -19718.1440000,
  2206,           0.9822060,      -19717.5720000,
  2207,           0.9822070,      -19716.9940000,
  2208,           0.9822080,      -19716.4300000,
  2209,           0.9822090,      -19715.8530000,
  2210,           0.9822100,      -19715.3000000,
  2211,           0.9822110,      -19714.7500000,
  2212,           0.9822120,      -19714.1710000,
  2213,           0.9822130,      -19713.6200000,
  2214,           0.9822140,      -19713.0800000,
  2215,           0.9822150,      -19712.5100000,
  2216,           0.9822160,      -19711.9300000,
  2217,           0.9822170,      -19711.3430000,
  2218,           0.9822180,      -19710.7900000,
  2219,           0.9822190,      -19710.2500000,
  2220,           0.9822200,      -19709.6800000,
  2221,           0.9822210,      -19709.1100000,
  2222,           0.9822220,      -19708.5110000,
  2223,           0.9822230,      -19707.9840000,
  2224,           0.9822240,      -19707.4300000,
  2225,           0.9822250,      -19706.8410000,
  2226,           0.9822260,      -19706.2600000,
  2227,           0.9822270,      -19705.7000000,
  2228,           0.9822280,      -19705.1700000,
  2229,           0.9822290,      -19704.6100000,
  2230,           0.9822300,      -19704.0100000,
  2231,           0.9822310,      -19703.4500000,
  2232,           0.9822320,      -19702.8920000,
  2233,           0.9822330,      -19702.3220000,
  2234,           0.9822340,      -19701.7510000,
  2235,           0.9822350,      -19701.1810000,
  2236,           0.9822360,      -19700.6210000,
  2237,           0.9822370,      -19700.0910000,
  2238,           0.9822380,      -19699.5000000,
  2239,           0.9822390,      -19698.9500000,
  2240,           0.9822400,      -19698.3500000,
  2241,           0.9822410,      -19697.8410000,
  2242,           0.9822420,      -19697.2600000,
  2243,           0.9822430,      -19696.6600000,
  2244,           0.9822440,      -19696.1130000,
  2245,           0.9822450,      -19695.5300000,
  2246,           0.9822460,      -19695.0000000,
  2247,           0.9822470,      -19694.4040000,
  2248,           0.9822480,      -19693.8600000,
  2249,           0.9822490,      -19693.2900000,
  2250,           0.9822500,      -19692.7300000,
  2251,           0.9822510,      -19692.1710000,
  2252,           0.9822520,      -19691.5720000,
  2253,           0.9822530,      -19691.0100000,
  2254,           0.9822540,      -19690.4300000,
  2255,           0.9822550,      -19689.8920000,
  2256,           0.9822560,      -19689.3500000,
  2257,           0.9822570,      -19688.7400000,
  2258,           0.9822580,      -19688.1800000,
  2259,           0.9822590,      -19687.6300000,
  2260,           0.9822600,      -19687.0600000,
  2261,           0.9822610,      -19686.5010000,
  2262,           0.9822620,      -19685.9120000,
  2263,           0.9822630,      -19685.3600000,
  2264,           0.9822640,      -19684.7920000,
  2265,           0.9822650,      -19684.2400000,
  2266,           0.9822660,      -19683.6710000,
  2267,           0.9822670,      -19683.1000000,
  2268,           0.9822680,      -19682.5410000,
  2269,           0.9822690,      -19681.9700000,
  2270,           0.9822700,      -19681.4100000,
  2271,           0.9822710,      -19680.8300000,
  2272,           0.9822720,      -19680.2320000,
  2273,           0.9822730,      -19679.7100000,
  2274,           0.9822740,      -19679.1400000,
  2275,           0.9822750,      -19678.5620000,
  2276,           0.9822760,      -19678.0000000,
  2277,           0.9822770,      -19677.4410000,
  2278,           0.9822780,      -19676.8610000,
  2279,           0.9822790,      -19676.3000000,
  2280,           0.9822800,      -19675.7240000,
  2281,           0.9822810,      -19675.1710000,
  2282,           0.9822820,      -19674.6110000,
  2283,           0.9822830,      -19674.0500000,
  2284,           0.9822840,      -19673.4510000,
  2285,           0.9822850,      -19672.8920000,
  2286,           0.9822860,      -19672.3500000,
  2287,           0.9822870,      -19671.7800000,
  2288,           0.9822880,      -19671.2200000,
  2289,           0.9822890,      -19670.6320000,
  2290,           0.9822900,      -19670.0600000,
  2291,           0.9822910,      -19669.5300000,
  2292,           0.9822920,      -19668.9500000,
  2293,           0.9822930,      -19668.3840000,
  2294,           0.9822940,      -19667.7940000,
  2295,           0.9822950,      -19667.2500000,
  2296,           0.9822960,      -19666.6700000,
  2297,           0.9822970,      -19666.0910000,
  2298,           0.9822980,      -19665.5400000,
  2299,           0.9822990,      -19665.0000000,
  2300,           0.9823000,      -19664.4300000,
  2301,           0.9823010,      -19663.8400000,
  2302,           0.9823020,      -19663.2900000,
  2303,           0.9823030,      -19662.7030000,
  2304,           0.9823040,      -19662.1500000,
  2305,           0.9823050,      -19661.5820000,
  2306,           0.9823060,      -19660.9920000,
  2307,           0.9823070,      -19660.4200000,
  2308,           0.9823080,      -19659.9000000,
  2309,           0.9823090,      -19659.3000000,
  2310,           0.9823100,      -19658.7500000,
  2311,           0.9823110,      -19658.1500000,
  2312,           0.9823120,      -19657.5820000,
  2313,           0.9823130,      -19657.0600000,
  2314,           0.9823140,      -19656.4700000,
  2315,           0.9823150,      -19655.9100000,
  2316,           0.9823160,      -19655.3100000,
  2317,           0.9823170,      -19654.7800000,
  2318,           0.9823180,      -19654.2100000,
  2319,           0.9823190,      -19653.6210000,
  2320,           0.9823200,      -19653.0520000,
  2321,           0.9823210,      -19652.4800000,
  2322,           0.9823220,      -19651.9500000,
  2323,           0.9823230,      -19651.3600000,
  2324,           0.9823240,      -19650.7730000,
  2325,           0.9823250,      -19650.2000000,
  2326,           0.9823260,      -19649.6400000,
  2327,           0.9823270,      -19649.1000000,
  2328,           0.9823280,      -19648.5200000,
  2329,           0.9823290,      -19647.9310000,
  2330,           0.9823300,      -19647.3700000,
  2331,           0.9823310,      -19646.8100000,
  2332,           0.9823320,      -19646.2500000,
  2333,           0.9823330,      -19645.6700000,
  2334,           0.9823340,      -19645.1000000,
  2335,           0.9823350,      -19644.5500000,
  2336,           0.9823360,      -19643.9500000,
  2337,           0.9823370,      -19643.3900000,
  2338,           0.9823380,      -19642.8140000,
  2339,           0.9823390,      -19642.2440000,
  2340,           0.9823400,      -19641.7000000,
  2341,           0.9823410,      -19641.1230000,
  2342,           0.9823420,      -19640.5640000,
  2343,           0.9823430,      -19639.9620000,
  2344,           0.9823440,      -19639.4330000,
  2345,           0.9823450,      -19638.8530000,
  2346,           0.9823460,      -19638.2700000,
  2347,           0.9823470,      -19637.7010000,
  2348,           0.9823480,      -19637.1100000,
  2349,           0.9823490,      -19636.5740000,
  2350,           0.9823500,      -19636.0010000,
  2351,           0.9823510,      -19635.4120000,
  2352,           0.9823520,      -19634.8330000,
  2353,           0.9823530,      -19634.2800000,
  2354,           0.9823540,      -19633.7240000,
  2355,           0.9823550,      -19633.1340000,
  2356,           0.9823560,      -19632.5410000,
  2357,           0.9823570,      -19631.9700000,
  2358,           0.9823580,      -19631.4400000,
  2359,           0.9823590,      -19630.8610000,
  2360,           0.9823600,      -19630.2830000,
  2361,           0.9823610,      -19629.6910000,
  2362,           0.9823620,      -19629.1520000,
  2363,           0.9823630,      -19628.5720000,
  2364,           0.9823640,      -19628.0000000,
  2365,           0.9823650,      -19627.4000000,
  2366,           0.9823660,      -19626.8410000,
  2367,           0.9823670,      -19626.3100000,
  2368,           0.9823680,      -19625.7100000,
  2369,           0.9823690,      -19625.1320000,
  2370,           0.9823700,      -19624.5520000,
  2371,           0.9823710,      -19624.0100000,
  2372,           0.9823720,      -19623.4310000,
  2373,           0.9823730,      -19622.8500000,
  2374,           0.9823740,      -19622.2800000,
  2375,           0.9823750,      -19621.6900000,
  2376,           0.9823760,      -19621.1440000,
  2377,           0.9823770,      -19620.5700000,
  2378,           0.9823780,      -19620.0000000,
  2379,           0.9823790,      -19619.3900000,
  2380,           0.9823800,      -19618.8510000,
  2381,           0.9823810,      -19618.2800000,
  2382,           0.9823820,      -19617.6730000,
  2383,           0.9823830,      -19617.1100000,
  2384,           0.9823840,      -19616.5330000,
  2385,           0.9823850,      -19615.9800000,
  2386,           0.9823860,      -19615.4000000,
  2387,           0.9823870,      -19614.8200000,
  2388,           0.9823880,      -19614.2500000,
  2389,           0.9823890,      -19613.7000000,
  2390,           0.9823900,      -19613.1100000,
  2391,           0.9823910,      -19612.5330000,
  2392,           0.9823920,      -19611.9200000,
  2393,           0.9823930,      -19611.3630000,
  2394,           0.9823940,      -19610.8140000,
  2395,           0.9823950,      -19610.2140000,
  2396,           0.9823960,      -19609.6200000,
  2397,           0.9823970,      -19609.0540000,
  2398,           0.9823980,      -19608.5100000,
  2399,           0.9823990,      -19607.8900000,
  2400,           0.9824000,      -19607.3220000,
  2401,           0.9824010,      -19606.7500000,
  2402,           0.9824020,      -19606.1600000,
  2403,           0.9824030,      -19605.6100000,
  2404,           0.9824040,      -19605.0200000,
  2405,           0.9824050,      -19604.4530000,
  2406,           0.9824060,      -19603.8800000,
  2407,           0.9824070,      -19603.3040000,
  2408,           0.9824080,      -19602.7200000,
  2409,           0.9824090,      -19602.1400000,
  2410,           0.9824100,      -19601.5540000,
  2411,           0.9824110,      -19600.9700000,
  2412,           0.9824120,      -19600.4300000,
  2413,           0.9824130,      -19599.8400000,
  2414,           0.9824140,      -19599.2400000,
  2415,           0.9824150,      -19598.6600000,
  2416,           0.9824160,      -19598.1210000,
  2417,           0.9824170,      -19597.5300000,
  2418,           0.9824180,      -19596.9500000,
  2419,           0.9824190,      -19596.3500000,
  2420,           0.9824200,      -19595.7700000,
  2421,           0.9824210,      -19595.2100000,
  2422,           0.9824220,      -19594.6400000,
  2423,           0.9824230,      -19594.0540000,
  2424,           0.9824240,      -19593.4800000,
  2425,           0.9824250,      -19592.9200000,
  2426,           0.9824260,      -19592.3200000,
  2427,           0.9824270,      -19591.7500000,
  2428,           0.9824280,      -19591.1700000,
  2429,           0.9824290,      -19590.5830000,
  2430,           0.9824300,      -19590.0210000,
  2431,           0.9824310,      -19589.4300000,
  2432,           0.9824320,      -19588.8600000,
  2433,           0.9824330,      -19588.2800000,
  2434,           0.9824340,      -19587.7220000,
  2435,           0.9824350,      -19587.1400000,
  2436,           0.9824360,      -19586.5300000,
  2437,           0.9824370,      -19585.9430000,
  2438,           0.9824380,      -19585.3800000,
  2439,           0.9824390,      -19584.8240000,
  2440,           0.9824400,      -19584.2300000,
  2441,           0.9824410,      -19583.6400000,
  2442,           0.9824420,      -19583.0640000,
  2443,           0.9824430,      -19582.4940000,
  2444,           0.9824440,      -19581.9200000,
  2445,           0.9824450,      -19581.3300000,
  2446,           0.9824460,      -19580.7300000,
  2447,           0.9824470,      -19580.1500000,
  2448,           0.9824480,      -19579.5900000,
  2449,           0.9824490,      -19578.9900000,
  2450,           0.9824500,      -19578.4300000,
  2451,           0.9824510,      -19577.8300000,
  2452,           0.9824520,      -19577.2900000,
  2453,           0.9824530,      -19576.6930000,
  2454,           0.9824540,      -19576.1000000,
  2455,           0.9824550,      -19575.5400000,
  2456,           0.9824560,      -19574.9330000,
  2457,           0.9824570,      -19574.3730000,
  2458,           0.9824580,      -19573.7630000,
  2459,           0.9824590,      -19573.2100000,
  2460,           0.9824600,      -19572.6000000,
  2461,           0.9824610,      -19572.0700000,
  2462,           0.9824620,      -19571.4740000,
  2463,           0.9824630,      -19570.8700000,
  2464,           0.9824640,      -19570.3000000,
  2465,           0.9824650,      -19569.6900000,
  2466,           0.9824660,      -19569.1620000,
  2467,           0.9824670,      -19568.5720000,
  2468,           0.9824680,      -19567.9900000,
  2469,           0.9824690,      -19567.4020000,
  2470,           0.9824700,      -19566.8320000,
  2471,           0.9824710,      -19566.2600000,
  2472,           0.9824720,      -19565.6800000,
  2473,           0.9824730,      -19565.0800000,
  2474,           0.9824740,      -19564.4920000,
  2475,           0.9824750,      -19563.9200000,
  2476,           0.9824760,      -19563.3500000,
  2477,           0.9824770,      -19562.7400000,
  2478,           0.9824780,      -19562.1710000,
  2479,           0.9824790,      -19561.6210000,
  2480,           0.9824800,      -19561.0230000,
  2481,           0.9824810,      -19560.4500000,
  2482,           0.9824820,      -19559.8330000,
  2483,           0.9824830,      -19559.2600000,
  2484,           0.9824840,      -19558.7200000,
  2485,           0.9824850,      -19558.1230000,
  2486,           0.9824860,      -19557.5300000,
  2487,           0.9824870,      -19556.9300000,
  2488,           0.9824880,      -19556.3740000,
  2489,           0.9824890,      -19555.8100000,
  2490,           0.9824900,      -19555.2010000,
  2491,           0.9824910,      -19554.6200000,
  2492,           0.9824920,      -19554.0200000,
  2493,           0.9824930,      -19553.4740000,
  2494,           0.9824940,      -19552.8700000,
  2495,           0.9824950,      -19552.2830000,
  2496,           0.9824960,      -19551.7000000,
  2497,           0.9824970,      -19551.1440000,
  2498,           0.9824980,      -19550.5700000,
  2499,           0.9824990,      -19549.9740000,
  2500,           0.9825000,      -19549.3820000,
  2501,           0.9825010,      -19548.8330000,
  2502,           0.9825020,      -19548.2300000,
  2503,           0.9825030,      -19547.6620000,
  2504,           0.9825040,      -19547.0420000,
  2505,           0.9825050,      -19546.4700000,
  2506,           0.9825060,      -19545.9140000,
  2507,           0.9825070,      -19545.3300000,
  2508,           0.9825080,      -19544.7320000,
  2509,           0.9825090,      -19544.1340000,
  2510,           0.9825100,      -19543.5900000,
  2511,           0.9825110,      -19542.9820000,
  2512,           0.9825120,      -19542.4200000,
  2513,           0.9825130,      -19541.8320000,
  2514,           0.9825140,      -19541.2340000,
  2515,           0.9825150,      -19540.6730000,
  2516,           0.9825160,      -19540.0900000,
  2517,           0.9825170,      -19539.5100000,
  2518,           0.9825180,      -19538.9100000,
  2519,           0.9825190,      -19538.3500000,
  2520,           0.9825200,      -19537.7700000,
  2521,           0.9825210,      -19537.1800000,
  2522,           0.9825220,      -19536.6000000,
  2523,           0.9825230,      -19535.9920000,
  2524,           0.9825240,      -19535.4500000,
  2525,           0.9825250,      -19534.8700000,
  2526,           0.9825260,      -19534.2500000,
  2527,           0.9825270,      -19533.6800000,
  2528,           0.9825280,      -19533.1300000,
  2529,           0.9825290,      -19532.5440000,
  2530,           0.9825300,      -19531.9600000,
  2531,           0.9825310,      -19531.3600000,
  2532,           0.9825320,      -19530.7700000,
  2533,           0.9825330,      -19530.2000000,
  2534,           0.9825340,      -19529.6210000,
  2535,           0.9825350,      -19529.0400000,
  2536,           0.9825360,      -19528.4310000,
  2537,           0.9825370,      -19527.8800000,
  2538,           0.9825380,      -19527.2800000,
  2539,           0.9825390,      -19526.6900000,
  2540,           0.9825400,      -19526.0700000,
  2541,           0.9825410,      -19525.5100000,
  2542,           0.9825420,      -19524.9720000,
  2543,           0.9825430,      -19524.3600000,
  2544,           0.9825440,      -19523.7810000,
  2545,           0.9825450,      -19523.1730000,
  2546,           0.9825460,      -19522.6300000,
  2547,           0.9825470,      -19522.0500000,
  2548,           0.9825480,      -19521.4410000,
  2549,           0.9825490,      -19520.8510000,
  2550,           0.9825500,      -19520.2500000,
  2551,           0.9825510,      -19519.7100000,
  2552,           0.9825520,      -19607.1540000,
  2553,           0.9825530,      -19606.5620000,
  2554,           0.9825540,      -19605.9600000,
  2555,           0.9825550,      -19605.4040000,
  2556,           0.9825560,      -19604.8240000,
  2557,           0.9825570,      -19604.2200000,
  2558,           0.9825580,      -19603.6320000,
  2559,           0.9825590,      -19603.0540000,
  2560,           0.9825600,      -19602.4800000,
  2561,           0.9825610,      -19601.9000000,
  2562,           0.9825620,      -19601.3040000,
  2563,           0.9825630,      -19600.7200000,
  2564,           0.9825640,      -19600.1520000,
  2565,           0.9825650,      -19599.5620000,
  2566,           0.9825660,      -19599.0010000,
  2567,           0.9825670,      -19598.3800000,
  2568,           0.9825680,      -19597.8040000,
  2569,           0.9825690,      -19597.2400000,
  2570,           0.9825700,      -19596.6600000,
  2571,           0.9825710,      -19596.0830000,
  2572,           0.9825720,      -19595.4500000,
  2573,           0.9825730,      -19594.9000000,
  2574,           0.9825740,      -19594.3040000,
  2575,           0.9825750,      -19593.7030000,
  2576,           0.9825760,      -19593.1130000,
  2577,           0.9825770,      -19592.5200000,
  2578,           0.9825780,      -19591.9740000,
  2579,           0.9825790,      -19591.3600000,
  2580,           0.9825800,      -19590.7900000,
  2581,           0.9825810,      -19590.1700000,
  2582,           0.9825820,      -19589.6210000,
  2583,           0.9825830,      -19589.0500000,
  2584,           0.9825840,      -19588.4300000,
  2585,           0.9825850,      -19587.8410000,
  2586,           0.9825860,      -19587.2200000,
  2587,           0.9825870,      -19586.6700000,
  2588,           0.9825880,      -19586.1000000,
  2589,           0.9825890,      -19585.4740000,
  2590,           0.9825900,      -19584.9140000,
  2591,           0.9825910,      -19584.3500000,
  2592,           0.9825920,      -19583.7500000,
  2593,           0.9825930,      -19583.1440000,
  2594,           0.9825940,      -19582.5640000,
  2595,           0.9825950,      -19581.9800000,
  2596,           0.9825960,      -19573.7800000,
  2597,           0.9825970,      -19573.1800000,
  2598,           0.9825980,      -19572.5800000,
  2599,           0.9825990,      -19571.9920000,
  2600,           0.9826000,      -19571.4400000,
  2601,           0.9826010,      -19570.8320000,
  2602,           0.9826020,      -19570.2510000,
  2603,           0.9826030,      -19569.6600000,
  2604,           0.9826040,      -19569.0600000,
  2605,           0.9826050,      -19568.4800000,
  2606,           0.9826060,      -19567.9100000,
  2607,           0.9826070,      -19567.3200000,
  2608,           0.9826080,      -19566.7100000,
  2609,           0.9826090,      -19566.1600000,
  2610,           0.9826100,      -19565.5400000,
  2611,           0.9826110,      -19564.9500000,
  2612,           0.9826120,      -19564.3400000,
  2613,           0.9826130,      -19563.7400000,
  2614,           0.9826140,      -19563.1800000,
  2615,           0.9826150,      -19562.5720000,
  2616,           0.9826160,      -19561.9940000,
  2617,           0.9826170,      -19561.3900000,
  2618,           0.9826180,      -19560.8240000,
  2619,           0.9826190,      -19560.2240000,
  2620,           0.9826200,      -19559.6110000,
  2621,           0.9826210,      -19559.0400000,
  2622,           0.9826220,      -19558.4200000,
  2623,           0.9826230,      -19645.8840000,
  2624,           0.9826240,      -19645.3000000,
  2625,           0.9826250,      -19644.6800000,
  2626,           0.9826260,      -19644.1010000,
  2627,           0.9826270,      -19643.5330000,
  2628,           0.9826280,      -19642.9330000,
  2629,           0.9826290,      -19642.3140000,
  2630,           0.9826300,      -19641.7320000,
  2631,           0.9826310,      -19641.1300000,
  2632,           0.9826320,      -19640.5540000,
  2633,           0.9826330,      -19639.9800000,
  2634,           0.9826340,      -19639.3710000,
  2635,           0.9826350,      -19638.7800000,
  2636,           0.9826360,      -19638.2200000,
  2637,           0.9826370,      -19637.6100000,
  2638,           0.9826380,      -19637.0110000,
  2639,           0.9826390,      -19636.4000000,
  2640,           0.9826400,      -19635.8000000,
  2641,           0.9826410,      -19635.2120000,
  2642,           0.9826420,      -19634.6420000,
  2643,           0.9826430,      -19634.0600000,
  2644,           0.9826440,      -19633.4400000,
  2645,           0.9826450,      -19632.8800000,
  2646,           0.9826460,      -19632.2630000,
  2647,           0.9826470,      -19631.6710000,
  2648,           0.9826480,      -19631.0800000,
  2649,           0.9826490,      -19630.4600000,
  2650,           0.9826500,      -19629.9200000,
  2651,           0.9826510,      -19629.3000000,
  2652,           0.9826520,      -19628.7200000,
  2653,           0.9826530,      -19628.1100000,
  2654,           0.9826540,      -19627.5500000,
  2655,           0.9826550,      -19626.9430000,
  2656,           0.9826560,      -19626.3400000,
  2657,           0.9826570,      -19625.7600000,
  2658,           0.9826580,      -19625.1520000,
  2659,           0.9826590,      -19624.6000000,
  2660,           0.9826600,      -19623.9800000,
  2661,           0.9826610,      -19623.3820000,
  2662,           0.9826620,      -19622.7920000,
  2663,           0.9826630,      -19622.2140000,
  2664,           0.9826640,      -19621.6100000,
  2665,           0.9826650,      -19621.0110000,
  2666,           0.9826660,      -19620.4100000,
  2667,           0.9826670,      -19619.8200000,
  2668,           0.9826680,      -19619.2600000,
  2669,           0.9826690,      -19618.6600000,
  2670,           0.9826700,      -19618.0400000,
  2671,           0.9826710,      -19617.4430000,
  2672,           0.9826720,      -19616.8700000,
  2673,           0.9826730,      -19616.2800000,
  2674,           0.9826740,      -19615.6700000,
  2675,           0.9826750,      -19615.0600000,
  2676,           0.9826760,      -19614.4900000,
  2677,           0.9826770,      -19613.8940000,
  2678,           0.9826780,      -19613.3200000,
  2679,           0.9826790,      -19612.7100000,
  2680,           0.9826800,      -19612.1000000,
  2681,           0.9826810,      -19611.5420000,
  2682,           0.9826820,      -19610.9500000,
  2683,           0.9826830,      -19610.3400000,
  2684,           0.9826840,      -19609.7440000,
  2685,           0.9826850,      -19609.1320000,
  2686,           0.9826860,      -19600.9330000,
  2687,           0.9826870,      -19600.3500000,
  2688,           0.9826880,      -19599.7440000,
  2689,           0.9826890,      -19599.1200000,
  2690,           0.9826900,      -19598.5600000,
  2691,           0.9826910,      -19597.9600000,
  2692,           0.9826920,      -19597.3700000,
  2693,           0.9826930,      -19596.7500000,
  2694,           0.9826940,      -19596.1640000,
  2695,           0.9826950,      -19683.6300000,
  2696,           0.9826960,      -19683.0210000,
  2697,           0.9826970,      -19682.4200000,
  2698,           0.9826980,      -19681.8100000,
  2699,           0.9826990,      -19681.2500000,
  2700,           0.9827000,      -19680.6620000,
  2701,           0.9827010,      -19680.0300000,
  2702,           0.9827020,      -19679.4500000,
  2703,           0.9827030,      -19678.8700000,
  2704,           0.9827040,      -19678.2900000,
  2705,           0.9827050,      -19677.6700000,
  2706,           0.9827060,      -19677.0600000,
  2707,           0.9827070,      -19676.4700000,
  2708,           0.9827080,      -19675.9000000,
  2709,           0.9827090,      -19675.3120000,
  2710,           0.9827100,      -19674.7120000,
  2711,           0.9827110,      -19674.0910000,
  2712,           0.9827120,      -19673.5600000,
  2713,           0.9827130,      -19672.9100000,
  2714,           0.9827140,      -19672.3430000,
  2715,           0.9827150,      -19671.7200000,
  2716,           0.9827160,      -19671.1200000,
  2717,           0.9827170,      -19670.5500000,
  2718,           0.9827180,      -19669.9600000,
  2719,           0.9827190,      -19669.3410000,
  2720,           0.9827200,      -19668.7510000,
  2721,           0.9827210,      -19668.1910000,
  2722,           0.9827220,      -19667.5900000,
  2723,           0.9827230,      -19666.9740000,
  2724,           0.9827240,      -19666.3800000,
  2725,           0.9827250,      -19665.7800000,
  2726,           0.9827260,      -19665.2200000,
  2727,           0.9827270,      -19664.6000000,
  2728,           0.9827280,      -19663.9940000,
  2729,           0.9827290,      -19663.4200000,
  2730,           0.9827300,      -19662.8300000,
  2731,           0.9827310,      -19662.2500000,
  2732,           0.9827320,      -19661.6000000,
  2733,           0.9827330,      -19661.0330000,
  2734,           0.9827340,      -19660.4200000,
  2735,           0.9827350,      -19659.8400000,
  2736,           0.9827360,      -19659.2510000,
  2737,           0.9827370,      -19658.6300000,
  2738,           0.9827380,      -19658.0310000,
  2739,           0.9827390,      -19657.4500000,
  2740,           0.9827400,      -19656.8500000,
  2741,           0.9827410,      -19656.2800000,
  2742,           0.9827420,      -19655.6540000,
  2743,           0.9827430,      -19655.0720000,
  2744,           0.9827440,      -19654.4900000,
  2745,           0.9827450,      -19653.9000000,
  2746,           0.9827460,      -19653.2700000,
  2747,           0.9827470,      -19652.6640000,
  2748,           0.9827480,      -19652.0910000,
  2749,           0.9827490,      -19651.4940000,
  2750,           0.9827500,      -19650.8900000,
  2751,           0.9827510,      -19650.2900000,
  2752,           0.9827520,      -19649.6800000,
  2753,           0.9827530,      -19649.1200000,
  2754,           0.9827540,      -19648.5110000,
  2755,           0.9827550,      -19647.9140000,
  2756,           0.9827560,      -19647.3000000,
  2757,           0.9827570,      -19646.7340000,
  2758,           0.9827580,      -19646.1100000,
  2759,           0.9827590,      -19645.5010000,
  2760,           0.9827600,      -19644.9300000,
  2761,           0.9827610,      -19644.3100000,
  2762,           0.9827620,      -19643.7400000,
  2763,           0.9827630,      -19643.1200000,
  2764,           0.9827640,      -19642.5200000,
  2765,           0.9827650,      -19641.9020000,
  2766,           0.9827660,      -19641.3200000,
  2767,           0.9827670,      -19640.7220000,
  2768,           0.9827680,      -19640.1000000,
  2769,           0.9827690,      -19639.5210000,
  2770,           0.9827700,      -19638.9000000,
  2771,           0.9827710,      -19638.3220000,
  2772,           0.9827720,      -19637.7200000,
  2773,           0.9827730,      -19637.1110000,
  2774,           0.9827740,      -19636.5200000,
  2775,           0.9827750,      -19635.9310000,
  2776,           0.9827760,      -19635.3120000,
  2777,           0.9827770,      -19634.7100000,
  2778,           0.9827780,      -19634.1100000,
  2779,           0.9827790,      -19633.4800000,
  2780,           0.9827800,      -19632.9000000,
  2781,           0.9827810,      -19632.2920000,
  2782,           0.9827820,      -19631.6830000,
  2783,           0.9827830,      -19631.0700000,
  2784,           0.9827840,      -19630.4800000,
  2785,           0.9827850,      -19629.8800000,
  2786,           0.9827860,      -19629.2900000,
  2787,           0.9827870,      -19628.6500000,
  2788,           0.9827880,      -19628.0330000,
  2789,           0.9827890,      -19627.4620000,
  2790,           0.9827900,      -19626.8430000,
  2791,           0.9827910,      -19626.2200000,
  2792,           0.9827920,      -19625.6230000,
  2793,           0.9827930,      -19625.0440000,
  2794,           0.9827940,      -19624.4330000,
  2795,           0.9827950,      -19623.8200000,
  2796,           0.9827960,      -19623.1810000,
  2797,           0.9827970,      -19622.5720000,
  2798,           0.9827980,      -19621.9920000,
  2799,           0.9827990,      -19621.3900000,
  2800,           0.9828000,      -19620.7810000,
  2801,           0.9828010,      -19620.1600000,
  2802,           0.9828020,      -19619.5720000,
  2803,           0.9828030,      -19618.9600000,
  2804,           0.9828040,      -19618.3630000,
  2805,           0.9828050,      -19617.7440000,
  2806,           0.9828060,      -19617.1210000,
  2807,           0.9828070,      -19616.5520000,
  2808,           0.9828080,      -19615.9400000,
  2809,           0.9828090,      -19615.3220000,
  2810,           0.9828100,      -19614.7000000,
  2811,           0.9828110,      -19614.1400000,
  2812,           0.9828120,      -19613.5200000,
  2813,           0.9828130,      -19612.9000000,
  2814,           0.9828140,      -19612.3100000,
  2815,           0.9828150,      -19611.6620000,
  2816,           0.9828160,      -19611.0910000,
  2817,           0.9828170,      -19610.4900000,
  2818,           0.9828180,      -19609.8630000,
  2819,           0.9828190,      -19609.2730000,
  2820,           0.9828200,      -19608.6700000,
  2821,           0.9828210,      -19608.0620000,
  2822,           0.9828220,      -19607.4400000,
  2823,           0.9828230,      -19606.8140000,
  2824,           0.9828240,      -19606.2000000,
  2825,           0.9828250,      -19605.6300000,
  2826,           0.9828260,      -19605.0330000,
  2827,           0.9828270,      -19604.4200000,
  2828,           0.9828280,      -19603.7920000,
  2829,           0.9828290,      -19603.2100000,
  2830,           0.9828300,      -19602.5910000,
  2831,           0.9828310,      -19601.9940000,
  2832,           0.9828320,      -19601.3710000,
  2833,           0.9828330,      -19600.7700000,
  2834,           0.9828340,      -19600.1800000,
  2835,           0.9828350,      -19599.5500000,
  2836,           0.9828360,      -19598.9300000,
  2837,           0.9828370,      -19598.3500000,
  2838,           0.9828380,      -19597.7630000,
  2839,           0.9828390,      -19597.1400000,
  2840,           0.9828400,      -19596.5200000,
  2841,           0.9828410,      -19595.9100000,
  2842,           0.9828420,      -19595.3140000,
  2843,           0.9828430,      -19594.7000000,
  2844,           0.9828440,      -19594.0900000,
  2845,           0.9828450,      -19593.4900000,
  2846,           0.9828460,      -19592.8610000,
  2847,           0.9828470,      -19592.3000000,
  2848,           0.9828480,      -19591.6710000,
  2849,           0.9828490,      -19591.0540000,
  2850,           0.9828500,      -19590.4330000,
  2851,           0.9828510,      -19589.8330000,
  2852,           0.9828520,      -19589.2700000,
  2853,           0.9828530,      -19588.6600000,
  2854,           0.9828540,      -19588.0300000,
  2855,           0.9828550,      -19587.4000000,
  2856,           0.9828560,      -19586.8300000,
  2857,           0.9828570,      -19586.2000000,
  2858,           0.9828580,      -19585.5910000,
  2859,           0.9828590,      -19577.3300000,
  2860,           0.9828600,      -19576.6900000,
  2861,           0.9828610,      -19576.1200000,
  2862,           0.9828620,      -19575.5300000,
  2863,           0.9828630,      -19574.9000000,
  2864,           0.9828640,      -19574.2940000,
  2865,           0.9828650,      -19573.7000000,
  2866,           0.9828660,      -19573.1000000,
  2867,           0.9828670,      -19572.4600000,
  2868,           0.9828680,      -19571.8610000,
  2869,           0.9828690,      -19571.2400000,
  2870,           0.9828700,      -19570.6800000,
  2871,           0.9828710,      -19570.0700000,
  2872,           0.9828720,      -19569.4310000,
  2873,           0.9828730,      -19568.8220000,
  2874,           0.9828740,      -19568.2500000,
  2875,           0.9828750,      -19567.6400000,
  2876,           0.9828760,      -19567.0130000,
  2877,           0.9828770,      -19566.4100000,
  2878,           0.9828780,      -19565.7900000,
  2879,           0.9828790,      -19565.2200000,
  2880,           0.9828800,      -19564.5930000,
  2881,           0.9828810,      -19563.9800000,
  2882,           0.9828820,      -19563.3700000,
  2883,           0.9828830,      -19562.7800000,
  2884,           0.9828840,      -19562.1800000,
  2885,           0.9828850,      -19561.5600000,
  2886,           0.9828860,      -19560.9300000,
  2887,           0.9828870,      -19560.3300000,
  2888,           0.9828880,      -19559.7300000,
  2889,           0.9828890,      -19559.1130000,
  2890,           0.9828900,      -19558.4900000,
  2891,           0.9828910,      -19557.8820000,
  2892,           0.9828920,      -19557.3140000,
  2893,           0.9828930,      -19556.6900000,
  2894,           0.9828940,      -19556.0620000,
  2895,           0.9828950,      -19555.4330000,
  2896,           0.9828960,      -19554.8600000,
  2897,           0.9828970,      -19554.2340000,
  2898,           0.9828980,      -19553.6210000,
  2899,           0.9828990,      -19553.0300000,
  2900,           0.9829000,      -19552.3820000,
  2901,           0.9829010,      -19551.7900000,
  2902,           0.9829020,      -19639.1930000,
  2903,           0.9829030,      -19638.6100000,
  2904,           0.9829040,      -19637.9800000,
  2905,           0.9829050,      -19637.3920000,
  2906,           0.9829060,      -19636.7810000,
  2907,           0.9829070,      -19636.1500000,
  2908,           0.9829080,      -19635.5520000,
  2909,           0.9829090,      -19634.9210000,
  2910,           0.9829100,      -19634.3410000,
  2911,           0.9829110,      -19633.7140000,
  2912,           0.9829120,      -19633.1100000,
  2913,           0.9829130,      -19632.5100000,
  2914,           0.9829140,      -19631.8900000,
  2915,           0.9829150,      -19631.2940000,
  2916,           0.9829160,      -19630.6700000,
  2917,           0.9829170,      -19630.0520000,
  2918,           0.9829180,      -19629.4530000,
  2919,           0.9829190,      -19628.8410000,
  2920,           0.9829200,      -19628.2400000,
  2921,           0.9829210,      -19627.6400000,
  2922,           0.9829220,      -19627.0100000,
  2923,           0.9829230,      -19626.4140000,
  2924,           0.9829240,      -19625.8040000,
  2925,           0.9829250,      -19625.1900000,
  2926,           0.9829260,      -19624.5640000,
  2927,           0.9829270,      -19623.9700000,
  2928,           0.9829280,      -19623.3600000,
  2929,           0.9829290,      -19622.7800000,
  2930,           0.9829300,      -19622.1400000,
  2931,           0.9829310,      -19621.5200000,
  2932,           0.9829320,      -19620.9600000,
  2933,           0.9829330,      -19620.3300000,
  2934,           0.9829340,      -19619.7300000,
  2935,           0.9829350,      -19619.1000000,
  2936,           0.9829360,      -19618.4900000,
  2937,           0.9829370,      -19617.8730000,
  2938,           0.9829380,      -19617.2800000,
  2939,           0.9829390,      -19616.6600000,
  2940,           0.9829400,      -19616.0300000,
  2941,           0.9829410,      -19615.4600000,
  2942,           0.9829420,      -19614.8430000,
  2943,           0.9829430,      -19614.2140000,
  2944,           0.9829440,      -19613.5700000,
  2945,           0.9829450,      -19612.9800000,
  2946,           0.9829460,      -19612.4000000,
  2947,           0.9829470,      -19611.7800000,
  2948,           0.9829480,      -19611.1640000,
  2949,           0.9829490,      -19610.5400000,
  2950,           0.9829500,      -19609.9620000,
  2951,           0.9829510,      -19609.3330000,
  2952,           0.9829520,      -19608.7240000,
  2953,           0.9829530,      -19608.1100000,
  2954,           0.9829540,      -19607.4720000,
  2955,           0.9829550,      -19606.9100000,
  2956,           0.9829560,      -19598.5910000,
  2957,           0.9829570,      -19597.9800000,
  2958,           0.9829580,      -19597.3500000,
  2959,           0.9829590,      -19596.7810000,
  2960,           0.9829600,      -19596.1520000,
  2961,           0.9829610,      -19595.5300000,
  2962,           0.9829620,      -19594.9400000,
  2963,           0.9829630,      -19594.2910000,
  2964,           0.9829640,      -19593.7200000,
  2965,           0.9829650,      -19593.0900000,
  2966,           0.9829660,      -19592.4900000,
  2967,           0.9829670,      -19591.8700000,
  2968,           0.9829680,      -19591.2900000,
  2969,           0.9829690,      -19590.6600000,
  2970,           0.9829700,      -19590.0300000,
  2971,           0.9829710,      -19589.4200000,
  2972,           0.9829720,      -19588.8200000,
  2973,           0.9829730,      -19588.2200000,
  2974,           0.9829740,      -19587.6130000,
  2975,           0.9829750,      -19586.9600000,
  2976,           0.9829760,      -19586.3700000,
  2977,           0.9829770,      -19585.7910000,
  2978,           0.9829780,      -19585.1540000,
  2979,           0.9829790,      -19584.5300000,
  2980,           0.9829800,      -19583.9210000,
  2981,           0.9829810,      -19583.3220000,
  2982,           0.9829820,      -19582.7200000,
  2983,           0.9829830,      -19582.0830000,
  2984,           0.9829840,      -19581.4600000,
  2985,           0.9829850,      -19580.8530000,
  2986,           0.9829860,      -19580.2530000,
  2987,           0.9829870,      -19579.6500000,
  2988,           0.9829880,      -19579.0300000,
  2989,           0.9829890,      -19578.4000000,
  2990,           0.9829900,      -19577.7910000,
  2991,           0.9829910,      -19577.2000000,
  2992,           0.9829920,      -19576.5720000,
  2993,           0.9829930,      -19575.9510000,
  2994,           0.9829940,      -19575.3330000,
  2995,           0.9829950,      -19574.7700000,
  2996,           0.9829960,      -19574.1300000,
  2997,           0.9829970,      -19573.5000000,
  2998,           0.9829980,      -19572.8800000,
  2999,           0.9829990,      -19572.2810000,
  3000,           0.9830000,      -19571.6730000,
  3001,           0.9830010,      -19571.0720000,
  3002,           0.9830020,      -19570.4400000,
  3003,           0.9830030,      -19569.8100000,
  3004,           0.9830040,      -19569.2300000,
  3005,           0.9830050,      -19568.6110000,
  3006,           0.9830060,      -19567.9800000,
  3007,           0.9830070,      -19567.3510000,
  3008,           0.9830080,      -19566.7530000,
  3009,           0.9830090,      -19566.1800000,
  3010,           0.9830100,      -19565.5420000,
  3011,           0.9830110,      -19652.9700000,
  3012,           0.9830120,      -19652.3400000,
  3013,           0.9830130,      -19651.7610000,
  3014,           0.9830140,      -19651.1400000,
  3015,           0.9830150,      -19650.5310000,
  3016,           0.9830160,      -19649.9000000,
  3017,           0.9830170,      -19649.2710000,
  3018,           0.9830180,      -19648.7000000,
  3019,           0.9830190,      -19648.0600000,
  3020,           0.9830200,      -19647.4510000,
  3021,           0.9830210,      -19646.8300000,
  3022,           0.9830220,      -19646.2440000,
  3023,           0.9830230,      -19645.6100000,
  3024,           0.9830240,      -19644.9900000,
  3025,           0.9830250,      -19644.3800000,
  3026,           0.9830260,      -19643.7600000,
  3027,           0.9830270,      -19643.1700000,
  3028,           0.9830280,      -19642.5300000,
  3029,           0.9830290,      -19641.9210000,
  3030,           0.9830300,      -19641.2810000,
  3031,           0.9830310,      -19640.7220000,
  3032,           0.9830320,      -19640.1010000,
  3033,           0.9830330,      -19639.4530000,
  3034,           0.9830340,      -19638.8530000,
  3035,           0.9830350,      -19638.2100000,
  3036,           0.9830360,      -19637.6500000,
  3037,           0.9830370,      -19637.0000000,
  3038,           0.9830380,      -19636.4000000,
  3039,           0.9830390,      -19635.7900000,
  3040,           0.9830400,      -19635.2100000,
  3041,           0.9830410,      -19634.5740000,
  3042,           0.9830420,      -19633.9430000,
  3043,           0.9830430,      -19633.3410000,
  3044,           0.9830440,      -19632.7000000,
  3045,           0.9830450,      -19632.1300000,
  3046,           0.9830460,      -19631.5010000,
  3047,           0.9830470,      -19630.8700000,
  3048,           0.9830480,      -19630.2800000,
  3049,           0.9830490,      -19629.6810000,
  3050,           0.9830500,      -19629.0600000,
  3051,           0.9830510,      -19628.4120000,
  3052,           0.9830520,      -19627.8100000,
  3053,           0.9830530,      -19627.2030000,
  3054,           0.9830540,      -19626.6100000,
  3055,           0.9830550,      -19626.0000000,
  3056,           0.9830560,      -19625.3800000,
  3057,           0.9830570,      -19624.7400000,
  3058,           0.9830580,      -19624.1700000,
  3059,           0.9830590,      -19623.5500000,
  3060,           0.9830600,      -19622.9400000,
  3061,           0.9830610,      -19622.3000000,
  3062,           0.9830620,      -19621.6730000,
  3063,           0.9830630,      -19621.0910000,
  3064,           0.9830640,      -19612.7920000,
  3065,           0.9830650,      -19612.1700000,
  3066,           0.9830660,      -19611.5400000,
  3067,           0.9830670,      -19610.9700000,
  3068,           0.9830680,      -19610.3430000,
  3069,           0.9830690,      -19609.7200000,
  3070,           0.9830700,      -19609.0800000,
  3071,           0.9830710,      -19608.4700000,
  3072,           0.9830720,      -19607.8920000,
  3073,           0.9830730,      -19607.2630000,
  3074,           0.9830740,      -19606.6600000,
  3075,           0.9830750,      -19606.0030000,
  3076,           0.9830760,      -19605.4410000,
  3077,           0.9830770,      -19604.8140000,
  3078,           0.9830780,      -19604.2100000,
  3079,           0.9830790,      -19603.5900000,
  3080,           0.9830800,      -19602.9600000,
  3081,           0.9830810,      -19602.3630000,
  3082,           0.9830820,      -19601.7420000,
  3083,           0.9830830,      -19601.1320000,
  3084,           0.9830840,      -19600.5000000,
  3085,           0.9830850,      -19599.9200000,
  3086,           0.9830860,      -19599.3000000,
  3087,           0.9830870,      -19598.6700000,
  3088,           0.9830880,      -19598.0400000,
  3089,           0.9830890,      -19597.4200000,
  3090,           0.9830900,      -19596.8400000,
  3091,           0.9830910,      -19596.2200000,
  3092,           0.9830920,      -19595.6100000,
  3093,           0.9830930,      -19594.9600000,
  3094,           0.9830940,      -19594.3900000,
  3095,           0.9830950,      -19593.7700000,
  3096,           0.9830960,      -19593.1300000,
  3097,           0.9830970,      -19592.5330000,
  3098,           0.9830980,      -19591.9210000,
  3099,           0.9830990,      -19591.3200000,
  3100,           0.9831000,      -19590.6910000,
  3101,           0.9831010,      -19590.0540000,
  3102,           0.9831020,      -19589.4410000,
  3103,           0.9831030,      -19588.8530000,
  3104,           0.9831040,      -19588.2500000,
  3105,           0.9831050,      -19587.6200000,
  3106,           0.9831060,      -19587.0000000,
  3107,           0.9831070,      -19586.3940000,
  3108,           0.9831080,      -19585.7900000,
  3109,           0.9831090,      -19585.1600000,
  3110,           0.9831100,      -19584.5420000,
  3111,           0.9831110,      -19583.9500000,
  3112,           0.9831120,      -19583.3300000,
  3113,           0.9831130,      -19582.7120000,
  3114,           0.9831140,      -19582.1000000,
  3115,           0.9831150,      -19581.4840000,
  3116,           0.9831160,      -19580.8740000,
  3117,           0.9831170,      -19580.2700000,
  3118,           0.9831180,      -19579.6300000,
  3119,           0.9831190,      -19579.0400000,
  3120,           0.9831200,      -19578.3940000,
  3121,           0.9831210,      -19577.8000000,
  3122,           0.9831220,      -19577.1900000,
  3123,           0.9831230,      -19576.5600000,
  3124,           0.9831240,      -19575.9510000,
  3125,           0.9831250,      -19575.3510000,
  3126,           0.9831260,      -19574.7400000,
  3127,           0.9831270,      -19574.1230000,
  3128,           0.9831280,      -19573.4800000,
  3129,           0.9831290,      -19572.8700000,
  3130,           0.9831300,      -19572.2810000,
  3131,           0.9831310,      -19571.6600000,
  3132,           0.9831320,      -19571.0210000,
  3133,           0.9831330,      -19570.4140000,
  3134,           0.9831340,      -19569.8400000,
  3135,           0.9831350,      -19569.1900000,
  3136,           0.9831360,      -19568.6000000,
  3137,           0.9831370,      -19567.9510000,
  3138,           0.9831380,      -19567.3600000,
  3139,           0.9831390,      -19566.7440000,
  3140,           0.9831400,      -19566.1200000,
  3141,           0.9831410,      -19565.5130000,
  3142,           0.9831420,      -19564.8800000,
  3143,           0.9831430,      -19564.2900000,
  3144,           0.9831440,      -19563.6600000,
  3145,           0.9831450,      -19563.0500000,
  3146,           0.9831460,      -19562.4210000,
  3147,           0.9831470,      -19561.7920000,
  3148,           0.9831480,      -19561.2200000,
  3149,           0.9831490,      -19560.6100000,
  3150,           0.9831500,      -19559.9900000,
  3151,           0.9831510,      -19559.3500000,
  3152,           0.9831520,      -19558.7800000,
  3153,           0.9831530,      -19558.1500000,
  3154,           0.9831540,      -19557.5310000,
  3155,           0.9831550,      -19556.8730000,
  3156,           0.9831560,      -19556.2530000,
  3157,           0.9831570,      -19555.7000000,
  3158,           0.9831580,      -19555.0820000,
  3159,           0.9831590,      -19554.4620000,
  3160,           0.9831600,      -19553.8140000,
  3161,           0.9831610,      -19553.2400000,
  3162,           0.9831620,      -19552.6000000,
  3163,           0.9831630,      -19551.9900000,
  3164,           0.9831640,      -19551.3510000,
  3165,           0.9831650,      -19550.7320000,
  3166,           0.9831660,      -19550.1500000,
  3167,           0.9831670,      -19549.5200000,
  3168,           0.9831680,      -19548.9200000,
  3169,           0.9831690,      -19548.2810000,
  3170,           0.9831700,      -19547.7000000,
  3171,           0.9831710,      -19547.0700000,
  3172,           0.9831720,      -19546.4300000,
  3173,           0.9831730,      -19545.8400000,
  3174,           0.9831740,      -19545.2010000,
  3175,           0.9831750,      -19544.6210000,
  3176,           0.9831760,      -19543.9800000,
  3177,           0.9831770,      -19543.3630000,
  3178,           0.9831780,      -19542.7400000,
  3179,           0.9831790,      -19542.1800000,
  3180,           0.9831800,      -19541.5500000,
  3181,           0.9831810,      -19540.9140000,
  3182,           0.9831820,      -19540.3000000,
  3183,           0.9831830,      -19539.6810000,
  3184,           0.9831840,      -19539.0830000,
  3185,           0.9831850,      -19538.4600000,
  3186,           0.9831860,      -19537.8400000,
  3187,           0.9831870,      -19537.2120000,
  3188,           0.9831880,      -19536.6200000,
  3189,           0.9831890,      -19535.9940000,
  3190,           0.9831900,      -19535.3800000,
  3191,           0.9831910,      -19534.7700000,
  3192,           0.9831920,      -19534.1500000,
  3193,           0.9831930,      -19533.5540000,
  3194,           0.9831940,      -19532.9200000,
  3195,           0.9831950,      -19532.3000000,
  3196,           0.9831960,      -19531.6900000,
  3197,           0.9831970,      -19531.0900000,
  3198,           0.9831980,      -19530.5000000,
  3199,           0.9831990,      -19529.8500000,
  3200,           0.9832000,      -19529.2140000,
  3201,           0.9832010,      -19528.5700000,
  3202,           0.9832020,      -19528.0000000,
  3203,           0.9832030,      -19527.3840000,
  3204,           0.9832040,      -19526.7530000,
  3205,           0.9832050,      -19526.1440000,
  3206,           0.9832060,      -19525.5400000,
  3207,           0.9832070,      -19524.9210000,
  3208,           0.9832080,      -19524.2910000,
  3209,           0.9832090,      -19523.6700000,
  3210,           0.9832100,      -19523.0400000,
  3211,           0.9832110,      -19522.4410000,
  3212,           0.9832120,      -19521.8240000,
  3213,           0.9832130,      -19521.2100000,
  3214,           0.9832140,      -19520.5830000,
  3215,           0.9832150,      -19519.9800000,
  3216,           0.9832160,      -19519.3500000,
  3217,           0.9832170,      -19518.7300000,
  3218,           0.9832180,      -19518.1030000,
  3219,           0.9832190,      -19517.4920000,
  3220,           0.9832200,      -19516.8900000,
  3221,           0.9832210,      -19516.2600000,
  3222,           0.9832220,      -19515.6300000,
  3223,           0.9832230,      -19515.0300000,
  3224,           0.9832240,      -19514.4100000,
  3225,           0.9832250,      -19513.7900000,
  3226,           0.9832260,      -19513.1440000,
  3227,           0.9832270,      -19512.5400000,
  3228,           0.9832280,      -19511.9230000,
  3229,           0.9832290,      -19511.3300000,
  3230,           0.9832300,      -19510.7000000,
  3231,           0.9832310,      -19510.0600000,
  3232,           0.9832320,      -19509.4430000,
  3233,           0.9832330,      -19508.8700000,
  3234,           0.9832340,      -19508.2500000,
  3235,           0.9832350,      -19507.6320000,
  3236,           0.9832360,      -19506.9900000,
  3237,           0.9832370,      -19506.3530000,
  3238,           0.9832380,      -19505.7610000,
  3239,           0.9832390,      -19505.1400000,
  3240,           0.9832400,      -19504.5200000,
  3241,           0.9832410,      -19503.8840000,
  3242,           0.9832420,      -19503.2900000,
  3243,           0.9832430,      -19502.6710000,
  3244,           0.9832440,      -19502.0500000,
  3245,           0.9832450,      -19501.4200000,
  3246,           0.9832460,      -19500.8100000,
  3247,           0.9832470,      -19500.1900000,
  3248,           0.9832480,      -19499.5800000,
  3249,           0.9832490,      -19498.9700000,
  3250,           0.9832500,      -19498.3320000,
  3251,           0.9832510,      -19497.7300000,
  3252,           0.9832520,      -19497.1240000,
  3253,           0.9832530,      -19496.4920000,
  3254,           0.9832540,      -19495.8600000,
  3255,           0.9832550,      -19495.2510000,
  3256,           0.9832560,      -19494.6440000,
  3257,           0.9832570,      -19494.0300000,
  3258,           0.9832580,      -19493.3820000,
  3259,           0.9832590,      -19492.7800000,
  3260,           0.9832600,      -19492.2000000,
  3261,           0.9832610,      -19491.5440000,
  3262,           0.9832620,      -19490.9330000,
  3263,           0.9832630,      -19490.2940000,
  3264,           0.9832640,      -19489.6930000,
  3265,           0.9832650,      -19489.0700000,
  3266,           0.9832660,      -19488.4600000,
  3267,           0.9832670,      -19487.8100000,
  3268,           0.9832680,      -19487.1900000,
  3269,           0.9832690,      -19486.6240000,
  3270,           0.9832700,      -19485.9720000,
  3271,           0.9832710,      -19485.3700000,
  3272,           0.9832720,      -19484.7300000,
  3273,           0.9832730,      -19484.1300000,
  3274,           0.9832740,      -19483.5010000,
  3275,           0.9832750,      -19482.9000000,
  3276,           0.9832760,      -19482.2800000,
  3277,           0.9832770,      -19481.6400000,
  3278,           0.9832780,      -19481.0600000,
  3279,           0.9832790,      -19480.4210000,
  3280,           0.9832800,      -19479.8120000,
  3281,           0.9832810,      -19479.1600000,
  3282,           0.9832820,      -19478.5400000,
  3283,           0.9832830,      -19477.9620000,
  3284,           0.9832840,      -19477.3500000,
  3285,           0.9832850,      -19476.7000000,
  3286,           0.9832860,      -19476.0720000,
  3287,           0.9832870,      -19475.5000000,
  3288,           0.9832880,      -19474.8700000,
  3289,           0.9832890,      -19474.2440000,
  3290,           0.9832900,      -19473.5910000,
  3291,           0.9832910,      -19473.0300000,
  3292,           0.9832920,      -19472.4120000,
  3293,           0.9832930,      -19471.7800000,
  3294,           0.9832940,      -19471.1500000,
  3295,           0.9832950,      -19470.5000000,
  3296,           0.9832960,      -19469.9230000,
  3297,           0.9832970,      -19469.2830000,
  3298,           0.9832980,      -19468.6600000,
  3299,           0.9832990,      -19468.0200000,
  3300,           0.9833000,      -19467.4430000,
  3301,           0.9833010,      -19466.8300000,
  3302,           0.9833020,      -19466.1930000,
  3303,           0.9833030,      -19465.5540000,
  3304,           0.9833040,      -19552.9600000,
  3305,           0.9833050,      -19552.3700000,
  3306,           0.9833060,      -19551.7400000,
  3307,           0.9833070,      -19551.1100000,
  3308,           0.9833080,      -19550.4700000,
  3309,           0.9833090,      -19549.9000000,
  3310,           0.9833100,      -19549.2600000,
  3311,           0.9833110,      -19548.6200000,
  3312,           0.9833120,      -19547.9820000,
  3313,           0.9833130,      -19547.3600000,
  3314,           0.9833140,      -19546.7900000,
  3315,           0.9833150,      -19546.1420000,
  3316,           0.9833160,      -19545.5210000,
  3317,           0.9833170,      -19544.9100000,
  3318,           0.9833180,      -19544.3040000,
  3319,           0.9833190,      -19543.6800000,
  3320,           0.9833200,      -19543.0300000,
  3321,           0.9833210,      -19542.4200000,
  3322,           0.9833220,      -19541.7710000,
  3323,           0.9833230,      -19541.1900000,
  3324,           0.9833240,      -19540.5440000,
  3325,           0.9833250,      -19539.9500000,
  3326,           0.9833260,      -19539.3200000,
  3327,           0.9833270,      -19538.7100000,
  3328,           0.9833280,      -19538.0830000,
  3329,           0.9833290,      -19537.4600000,
  3330,           0.9833300,      -19536.8320000,
  3331,           0.9833310,      -19536.2200000,
  3332,           0.9833320,      -19535.6200000,
  3333,           0.9833330,      -19534.9840000,
  3334,           0.9833340,      -19534.3530000,
  3335,           0.9833350,      -19533.7400000,
  3336,           0.9833360,      -19533.1210000,
  3337,           0.9833370,      -19532.5000000,
  3338,           0.9833380,      -19531.8510000,
  3339,           0.9833390,      -19531.2200000,
  3340,           0.9833400,      -19530.6110000,
  3341,           0.9833410,      -19530.0200000,
  3342,           0.9833420,      -19529.3920000,
  3343,           0.9833430,      -19528.7600000,
  3344,           0.9833440,      -19528.1300000,
  3345,           0.9833450,      -19527.5200000,
  3346,           0.9833460,      -19526.9120000,
  3347,           0.9833470,      -19526.2500000,
  3348,           0.9833480,      -19525.6440000,
  3349,           0.9833490,      -19524.9900000,
  3350,           0.9833500,      -19524.4230000,
  3351,           0.9833510,      -19523.7900000,
  3352,           0.9833520,      -19523.1400000,
  3353,           0.9833530,      -19522.5400000,
  3354,           0.9833540,      -19521.9200000,
  3355,           0.9833550,      -19521.3100000,
  3356,           0.9833560,      -19520.6500000,
  3357,           0.9833570,      -19520.0310000,
  3358,           0.9833580,      -19519.3920000,
  3359,           0.9833590,      -19518.8300000,
  3360,           0.9833600,      -19518.1900000,
  3361,           0.9833610,      -19517.5410000,
  3362,           0.9833620,      -19516.9410000,
  3363,           0.9833630,      -19516.3400000,
  3364,           0.9833640,      -19515.7220000,
  3365,           0.9833650,      -19515.0820000,
  3366,           0.9833660,      -19514.4400000,
  3367,           0.9833670,      -19513.8000000,
  3368,           0.9833680,      -19513.2320000,
  3369,           0.9833690,      -19512.6030000,
  3370,           0.9833700,      -19511.9740000,
  3371,           0.9833710,      -19511.3400000,
  3372,           0.9833720,      -19510.7340000,
  3373,           0.9833730,      -19510.1100000,
  3374,           0.9833740,      -19509.4840000,
  3375,           0.9833750,      -19508.8630000,
  3376,           0.9833760,      -19508.2500000,
  3377,           0.9833770,      -19507.6400000,
  3378,           0.9833780,      -19507.0310000,
  3379,           0.9833790,      -19506.3900000,
  3380,           0.9833800,      -19505.7700000,
  3381,           0.9833810,      -19505.1620000,
  3382,           0.9833820,      -19504.5400000,
  3383,           0.9833830,      -19503.9100000,
  3384,           0.9833840,      -19503.2600000,
  3385,           0.9833850,      -19502.6440000,
  3386,           0.9833860,      -19502.0410000,
  3387,           0.9833870,      -19501.4300000,
  3388,           0.9833880,      -19500.7800000,
  3389,           0.9833890,      -19500.1500000,
  3390,           0.9833900,      -19499.5420000,
  3391,           0.9833910,      -19498.9300000,
  3392,           0.9833920,      -19498.2900000,
  3393,           0.9833930,      -19497.6700000,
  3394,           0.9833940,      -19497.0410000,
  3395,           0.9833950,      -19496.4330000,
  3396,           0.9833960,      -19495.8220000,
  3397,           0.9833970,      -19495.1900000,
  3398,           0.9833980,      -19494.5700000,
  3399,           0.9833990,      -19493.9530000,
  3400,           0.9834000,      -19493.3300000,
  3401,           0.9834010,      -19492.6800000,
  3402,           0.9834020,      -19492.0620000,
  3403,           0.9834030,      -19491.4400000,
  3404,           0.9834040,      -19490.8400000,
  3405,           0.9834050,      -19490.2100000,
  3406,           0.9834060,      -19489.5910000,
  3407,           0.9834070,      -19488.9700000,
  3408,           0.9834080,      -19488.3730000,
  3409,           0.9834090,      -19487.7440000,
  3410,           0.9834100,      -19487.0900000,
  3411,           0.9834110,      -19486.4700000,
  3412,           0.9834120,      -19485.8500000,
  3413,           0.9834130,      -19485.2500000,
  3414,           0.9834140,      -19484.6340000,
  3415,           0.9834150,      -19483.9740000,
  3416,           0.9834160,      -19483.3610000,
  3417,           0.9834170,      -19482.7500000,
  3418,           0.9834180,      -19482.1240000,
  3419,           0.9834190,      -19481.4900000,
  3420,           0.9834200,      -19480.8800000,
  3421,           0.9834210,      -19568.2830000,
  3422,           0.9834220,      -19567.6900000,
  3423,           0.9834230,      -19567.0600000,
  3424,           0.9834240,      -19566.4040000,
  3425,           0.9834250,      -19565.7800000,
  3426,           0.9834260,      -19565.1800000,
  3427,           0.9834270,      -19564.5600000,
  3428,           0.9834280,      -19563.9300000,
  3429,           0.9834290,      -19563.3020000,
  3430,           0.9834300,      -19562.6730000,
  3431,           0.9834310,      -19562.0720000,
  3432,           0.9834320,      -19561.4400000,
  3433,           0.9834330,      -19560.8100000,
  3434,           0.9834340,      -19560.1800000,
  3435,           0.9834350,      -19559.5800000,
  3436,           0.9834360,      -19558.9410000,
  3437,           0.9834370,      -19558.3200000,
  3438,           0.9834380,      -19557.6930000,
  3439,           0.9834390,      -19557.0600000,
  3440,           0.9834400,      -19548.6900000,
  3441,           0.9834410,      -19548.0800000,
  3442,           0.9834420,      -19547.4500000,
  3443,           0.9834430,      -19546.8400000,
  3444,           0.9834440,      -19546.2440000,
  3445,           0.9834450,      -19545.6100000,
  3446,           0.9834460,      -19544.9510000,
  3447,           0.9834470,      -19544.3300000,
  3448,           0.9834480,      -19543.7010000,
  3449,           0.9834490,      -19543.0910000,
  3450,           0.9834500,      -19542.4900000,
  3451,           0.9834510,      -19541.8510000,
  3452,           0.9834520,      -19541.2220000,
  3453,           0.9834530,      -19540.6200000,
  3454,           0.9834540,      -19539.9900000,
  3455,           0.9834550,      -19539.3700000,
  3456,           0.9834560,      -19538.7300000,
  3457,           0.9834570,      -19538.1000000,
  3458,           0.9834580,      -19537.5130000,
  3459,           0.9834590,      -19536.8800000,
  3460,           0.9834600,      -19536.2320000,
  3461,           0.9834610,      -19535.6420000,
  3462,           0.9834620,      -19535.0300000,
  3463,           0.9834630,      -19534.4000000,
  3464,           0.9834640,      -19533.7500000,
  3465,           0.9834650,      -19533.1340000,
  3466,           0.9834660,      -19532.5000000,
  3467,           0.9834670,      -19531.9000000,
  3468,           0.9834680,      -19531.2830000,
  3469,           0.9834690,      -19530.6500000,
  3470,           0.9834700,      -19530.0200000,
  3471,           0.9834710,      -19529.4100000,
  3472,           0.9834720,      -19528.7700000,
  3473,           0.9834730,      -19528.1210000,
  3474,           0.9834740,      -19527.5030000,
  3475,           0.9834750,      -19526.8940000,
  3476,           0.9834760,      -19526.2900000,
  3477,           0.9834770,      -19525.6440000,
  3478,           0.9834780,      -19525.0300000,
  3479,           0.9834790,      -19524.3900000,
  3480,           0.9834800,      -19523.7800000,
  3481,           0.9834810,      -19523.1810000,
  3482,           0.9834820,      -19522.5200000,
  3483,           0.9834830,      -19521.9040000,
  3484,           0.9834840,      -19521.2700000,
  3485,           0.9834850,      -19520.6640000,
  3486,           0.9834860,      -19520.0620000,
  3487,           0.9834870,      -19519.4140000,
  3488,           0.9834880,      -19518.7920000,
  3489,           0.9834890,      -19518.1830000,
  3490,           0.9834900,      -19517.5600000,
  3491,           0.9834910,      -19516.9100000,
  3492,           0.9834920,      -19516.3000000,
  3493,           0.9834930,      -19515.7200000,
  3494,           0.9834940,      -19515.0720000,
  3495,           0.9834950,      -19514.4330000,
  3496,           0.9834960,      -19513.8000000,
  3497,           0.9834970,      -19513.1800000,
  3498,           0.9834980,      -19512.5600000,
  3499,           0.9834990,      -19511.9500000,
  3500,           0.9835000,      -19511.3100000,
  3501,           0.9835010,      -19510.6700000,
  3502,           0.9835020,      -19510.0740000,
  3503,           0.9835030,      -19509.4510000,
  3504,           0.9835040,      -19508.8200000,
  3505,           0.9835050,      -19508.1900000,
  3506,           0.9835060,      -19507.5600000,
  3507,           0.9835070,      -19506.9620000,
  3508,           0.9835080,      -19506.3400000,
  3509,           0.9835090,      -19505.6910000,
  3510,           0.9835100,      -19505.0720000,
  3511,           0.9835110,      -19504.4700000,
  3512,           0.9835120,      -19503.8400000,
  3513,           0.9835130,      -19503.2100000,
  3514,           0.9835140,      -19502.5600000,
  3515,           0.9835150,      -19501.9400000,
  3516,           0.9835160,      -19501.3300000,
  3517,           0.9835170,      -19500.7100000,
  3518,           0.9835180,      -19500.0540000,
  3519,           0.9835190,      -19499.4500000,
  3520,           0.9835200,      -19498.8400000,
  3521,           0.9835210,      -19498.2010000,
  3522,           0.9835220,      -19497.5740000,
  3523,           0.9835230,      -19496.9230000,
  3524,           0.9835240,      -19496.3120000,
  3525,           0.9835250,      -19495.7100000,
  3526,           0.9835260,      -19495.0800000,
  3527,           0.9835270,      -19494.4300000,
  3528,           0.9835280,      -19493.8100000,
  3529,           0.9835290,      -19493.2100000,
  3530,           0.9835300,      -19492.6000000,
  3531,           0.9835310,      -19491.9600000,
  3532,           0.9835320,      -19491.3100000,
  3533,           0.9835330,      -19490.6830000,
  3534,           0.9835340,      -19490.0930000,
  3535,           0.9835350,      -19489.4500000,
  3536,           0.9835360,      -19488.8120000,
  3537,           0.9835370,      -19488.1830000,
  3538,           0.9835380,      -19487.5900000,
  3539,           0.9835390,      -19486.9600000,
  3540,           0.9835400,      -19486.3330000,
  3541,           0.9835410,      -19485.6810000,
  3542,           0.9835420,      -19485.0600000,
  3543,           0.9835430,      -19484.4700000,
  3544,           0.9835440,      -19483.8410000,
  3545,           0.9835450,      -19483.1900000,
  3546,           0.9835460,      -19482.5740000,
  3547,           0.9835470,      -19481.9700000,
  3548,           0.9835480,      -19481.3410000,
  3549,           0.9835490,      -19480.6910000,
  3550,           0.9835500,      -19480.0910000,
  3551,           0.9835510,      -19479.4500000,
  3552,           0.9835520,      -19478.8330000,
  3553,           0.9835530,      -19478.2100000,
  3554,           0.9835540,      -19477.5700000,
  3555,           0.9835550,      -19476.9410000,
  3556,           0.9835560,      -19476.3400000,
  3557,           0.9835570,      -19475.7100000,
  3558,           0.9835580,      -19475.0700000,
  3559,           0.9835590,      -19474.4500000,
  3560,           0.9835600,      -19473.8140000,
  3561,           0.9835610,      -19465.4740000,
  3562,           0.9835620,      -19464.8320000,
  3563,           0.9835630,      -19464.2120000,
  3564,           0.9835640,      -19463.5900000,
  3565,           0.9835650,      -19462.9900000,
  3566,           0.9835660,      -19462.3500000,
  3567,           0.9835670,      -19461.6910000,
  3568,           0.9835680,      -19461.0800000,
  3569,           0.9835690,      -19460.4600000,
  3570,           0.9835700,      -19459.8530000,
  3571,           0.9835710,      -19547.2630000,
  3572,           0.9835720,      -19546.6100000,
  3573,           0.9835730,      -19545.9800000,
  3574,           0.9835740,      -19545.3820000,
  3575,           0.9835750,      -19544.7440000,
  3576,           0.9835760,      -19544.1030000,
  3577,           0.9835770,      -19543.4700000,
  3578,           0.9835780,      -19542.8220000,
  3579,           0.9835790,      -19542.2600000,
  3580,           0.9835800,      -19541.6230000,
  3581,           0.9835810,      -19540.9600000,
  3582,           0.9835820,      -19540.3400000,
  3583,           0.9835830,      -19539.7340000,
  3584,           0.9835840,      -19539.1000000,
  3585,           0.9835850,      -19538.4720000,
  3586,           0.9835860,      -19537.8400000,
  3587,           0.9835870,      -19537.1800000,
  3588,           0.9835880,      -19536.5900000,
  3589,           0.9835890,      -19535.9720000,
  3590,           0.9835900,      -19535.3430000,
  3591,           0.9835910,      -19534.7400000,
  3592,           0.9835920,      -19534.1200000,
  3593,           0.9835930,      -19533.4740000,
  3594,           0.9835940,      -19532.8300000,
  3595,           0.9835950,      -19532.2030000,
  3596,           0.9835960,      -19531.5600000,
  3597,           0.9835970,      -19530.9800000,
  3598,           0.9835980,      -19530.3200000,
  3599,           0.9835990,      -19529.7100000,
  3600,           0.9836000,      -19529.0900000,
  3601,           0.9836010,      -19528.4740000,
  3602,           0.9836020,      -19527.8530000,
  3603,           0.9836030,      -19527.2100000,
  3604,           0.9836040,      -19526.5800000,
  3605,           0.9836050,      -19525.9310000,
  3606,           0.9836060,      -19525.3300000,
  3607,           0.9836070,      -19524.7000000,
  3608,           0.9836080,      -19524.0620000,
  3609,           0.9836090,      -19523.4500000,
  3610,           0.9836100,      -19522.8320000,
  3611,           0.9836110,      -19522.2000000,
  3612,           0.9836120,      -19521.5600000,
  3613,           0.9836130,      -19520.9310000,
  3614,           0.9836140,      -19520.2910000,
  3615,           0.9836150,      -19519.6900000,
  3616,           0.9836160,      -19519.0420000,
  3617,           0.9836170,      -19518.4230000,
  3618,           0.9836180,      -19517.7900000,
  3619,           0.9836190,      -19517.1800000,
  3620,           0.9836200,      -19516.5520000,
  3621,           0.9836210,      -19515.9100000,
  3622,           0.9836220,      -19515.2710000,
  3623,           0.9836230,      -19514.6500000,
  3624,           0.9836240,      -19514.0700000,
  3625,           0.9836250,      -19513.4200000,
  3626,           0.9836260,      -19512.7800000,
  3627,           0.9836270,      -19600.1700000,
  3628,           0.9836280,      -19599.5600000,
  3629,           0.9836290,      -19598.9500000,
  3630,           0.9836300,      -19598.3000000,
  3631,           0.9836310,      -19597.6730000,
  3632,           0.9836320,      -19597.0310000,
  3633,           0.9836330,      -19596.4600000,
  3634,           0.9836340,      -19595.8000000,
  3635,           0.9836350,      -19595.1700000,
  3636,           0.9836360,      -19594.5200000,
  3637,           0.9836370,      -19593.9410000,
  3638,           0.9836380,      -19593.2830000,
  3639,           0.9836390,      -19592.6640000,
  3640,           0.9836400,      -19592.0310000,
  3641,           0.9836410,      -19591.3730000,
  3642,           0.9836420,      -19590.7700000,
  3643,           0.9836430,      -19590.1300000,
  3644,           0.9836440,      -19589.5130000,
  3645,           0.9836450,      -19588.8700000,
  3646,           0.9836460,      -19588.2700000,
  3647,           0.9836470,      -19587.6200000,
  3648,           0.9836480,      -19586.9700000,
  3649,           0.9836490,      -19586.3500000,
  3650,           0.9836500,      -19585.7010000,
  3651,           0.9836510,      -19585.1100000,
  3652,           0.9836520,      -19584.4620000,
  3653,           0.9836530,      -19583.8200000,
  3654,           0.9836540,      -19583.1640000,
  3655,           0.9836550,      -19582.6000000,
  3656,           0.9836560,      -19581.9510000,
  3657,           0.9836570,      -19581.3100000,
  3658,           0.9836580,      -19580.6700000,
  3659,           0.9836590,      -19580.0310000,
  3660,           0.9836600,      -19579.4500000,
  3661,           0.9836610,      -19578.8020000,
  3662,           0.9836620,      -19578.1620000,
  3663,           0.9836630,      -19577.5230000,
  3664,           0.9836640,      -19576.9200000,
  3665,           0.9836650,      -19576.2910000,
  3666,           0.9836660,      -19575.6540000,
  3667,           0.9836670,      -19575.0010000,
  3668,           0.9836680,      -19574.3700000,
  3669,           0.9836690,      -19573.7530000,
  3670,           0.9836700,      -19573.1200000,
  3671,           0.9836710,      -19572.4840000,
  3672,           0.9836720,      -19571.8530000,
  3673,           0.9836730,      -19571.2600000,
  3674,           0.9836740,      -19570.6010000,
  3675,           0.9836750,      -19569.9640000,
  3676,           0.9836760,      -19569.3200000,
  3677,           0.9836770,      -19568.7100000,
  3678,           0.9836780,      -19568.0830000,
  3679,           0.9836790,      -19567.4510000,
  3680,           0.9836800,      -19566.8140000,
  3681,           0.9836810,      -19566.1500000,
  3682,           0.9836820,      -19565.5600000,
  3683,           0.9836830,      -19564.9230000,
  3684,           0.9836840,      -19564.2900000,
  3685,           0.9836850,      -19563.6420000,
  3686,           0.9836860,      -19563.0400000,
  3687,           0.9836870,      -19562.4040000,
  3688,           0.9836880,      -19561.7710000,
  3689,           0.9836890,      -19561.1240000,
  3690,           0.9836900,      -19560.4840000,
  3691,           0.9836910,      -19559.9120000,
  3692,           0.9836920,      -19559.2400000,
  3693,           0.9836930,      -19558.6200000,
  3694,           0.9836940,      -19557.9600000,
  3695,           0.9836950,      -19557.3610000,
  3696,           0.9836960,      -19556.7200000,
  3697,           0.9836970,      -19556.0830000,
  3698,           0.9836980,      -19555.4430000,
  3699,           0.9836990,      -19554.8300000,
  3700,           0.9837000,      -19554.2010000,
  3701,           0.9837010,      -19553.5700000,
  3702,           0.9837020,      -19552.9300000,
  3703,           0.9837030,      -19552.2920000,
  3704,           0.9837040,      -19551.6910000,
  3705,           0.9837050,      -19551.0410000,
  3706,           0.9837060,      -19550.4000000,
  3707,           0.9837070,      -19549.7700000,
  3708,           0.9837080,      -19549.1340000,
  3709,           0.9837090,      -19548.5100000,
  3710,           0.9837100,      -19547.8710000,
  3711,           0.9837110,      -19547.2320000,
  3712,           0.9837120,      -19546.5910000,
  3713,           0.9837130,      -19546.0000000,
  3714,           0.9837140,      -19545.3510000,
  3715,           0.9837150,      -19544.7120000,
  3716,           0.9837160,      -19544.0700000,
  3717,           0.9837170,      -19543.4500000,
  3718,           0.9837180,      -19542.8300000,
  3719,           0.9837190,      -19542.2000000,
  3720,           0.9837200,      -19541.5500000,
  3721,           0.9837210,      -19540.9000000,
  3722,           0.9837220,      -19540.3000000,
  3723,           0.9837230,      -19539.6700000,
  3724,           0.9837240,      -19539.0300000,
  3725,           0.9837250,      -19538.3920000,
  3726,           0.9837260,      -19537.7420000,
  3727,           0.9837270,      -19537.1300000,
  3728,           0.9837280,      -19536.5100000,
  3729,           0.9837290,      -19535.8600000,
  3730,           0.9837300,      -19535.2300000,
  3731,           0.9837310,      -19534.6010000,
  3732,           0.9837320,      -19533.9640000,
  3733,           0.9837330,      -19533.3400000,
  3734,           0.9837340,      -19532.7100000,
  3735,           0.9837350,      -19532.0600000,
  3736,           0.9837360,      -19531.4310000,
  3737,           0.9837370,      -19530.8040000,
  3738,           0.9837380,      -19530.1440000,
  3739,           0.9837390,      -19529.5100000,
  3740,           0.9837400,      -19528.9020000,
  3741,           0.9837410,      -19528.2700000,
  3742,           0.9837420,      -19527.6300000,
  3743,           0.9837430,      -19526.9800000,
  3744,           0.9837440,      -19526.3600000,
  3745,           0.9837450,      -19525.7300000,
  3746,           0.9837460,      -19525.0910000,
  3747,           0.9837470,      -19524.4400000,
  3748,           0.9837480,      -19523.8000000,
  3749,           0.9837490,      -19523.1810000,
  3750,           0.9837500,      -19522.5520000,
  3751,           0.9837510,      -19521.9040000,
  3752,           0.9837520,      -19521.2700000,
  3753,           0.9837530,      -19520.6200000,
  3754,           0.9837540,      -19520.0100000,
  3755,           0.9837550,      -19519.3530000,
  3756,           0.9837560,      -19518.7200000,
  3757,           0.9837570,      -19518.0900000,
  3758,           0.9837580,      -19517.4700000,
  3759,           0.9837590,      -19516.8300000,
  3760,           0.9837600,      -19516.1700000,
  3761,           0.9837610,      -19515.5400000,
  3762,           0.9837620,      -19514.8900000,
  3763,           0.9837630,      -19514.2920000,
  3764,           0.9837640,      -19513.6300000,
  3765,           0.9837650,      -19513.0000000,
  3766,           0.9837660,      -19512.3330000,
  3767,           0.9837670,      -19511.7240000,
  3768,           0.9837680,      -19511.0830000,
  3769,           0.9837690,      -19510.4400000,
  3770,           0.9837700,      -19509.7940000,
  3771,           0.9837710,      -19509.1500000,
  3772,           0.9837720,      -19508.5400000,
  3773,           0.9837730,      -19507.8730000,
  3774,           0.9837740,      -19507.2500000,
  3775,           0.9837750,      -19506.5800000,
  3776,           0.9837760,      -19505.9900000,
  3777,           0.9837770,      -19505.3200000,
  3778,           0.9837780,      -19504.6810000,
  3779,           0.9837790,      -19504.0600000,
  3780,           0.9837800,      -19503.3920000,
  3781,           0.9837810,      -19502.7900000,
  3782,           0.9837820,      -19502.1300000,
  3783,           0.9837830,      -19501.5030000,
  3784,           0.9837840,      -19500.8500000,
  3785,           0.9837850,      -19500.2440000,
  3786,           0.9837860,      -19499.5930000,
  3787,           0.9837870,      -19498.9600000,
  3788,           0.9837880,      -19498.2900000,
  3789,           0.9837890,      -19497.6710000,
  3790,           0.9837900,      -19497.0620000,
  3791,           0.9837910,      -19496.3940000,
  3792,           0.9837920,      -19495.7630000,
  3793,           0.9837930,      -19495.0910000,
  3794,           0.9837940,      -19494.5030000,
  3795,           0.9837950,      -19493.8500000,
  3796,           0.9837960,      -19493.2240000,
  3797,           0.9837970,      -19492.5600000,
  3798,           0.9837980,      -19491.9330000,
  3799,           0.9837990,      -19491.3000000,
  3800,           0.9838000,      -19482.9000000,
  3801,           0.9838010,      -19482.2530000,
  3802,           0.9838020,      -19481.5900000,
  3803,           0.9838030,      -19480.9920000,
  3804,           0.9838040,      -19480.3500000,
  3805,           0.9838050,      -19479.7030000,
  3806,           0.9838060,      -19479.0420000,
  3807,           0.9838070,      -19478.4100000,
  3808,           0.9838080,      -19477.7810000,
  3809,           0.9838090,      -19477.1340000,
  3810,           0.9838100,      -19476.4840000,
  3811,           0.9838110,      -19475.8300000,
  3812,           0.9838120,      -19475.2200000,
  3813,           0.9838130,      -19474.5540000,
  3814,           0.9838140,      -19473.9300000,
  3815,           0.9838150,      -19465.7800000,
  3816,           0.9838160,      -19465.1210000,
  3817,           0.9838170,      -19464.5030000,
  3818,           0.9838180,      -19463.8410000,
  3819,           0.9838190,      -19463.1900000,
  3820,           0.9838200,      -19462.5700000,
  3821,           0.9838210,      -19461.9500000,
  3822,           0.9838220,      -19461.3000000,
  3823,           0.9838230,      -19460.6400000,
  3824,           0.9838240,      -19459.9900000,
  3825,           0.9838250,      -19459.3600000,
  3826,           0.9838260,      -19458.7200000,
  3827,           0.9838270,      -19458.1000000,
  3828,           0.9838280,      -19457.4200000,
  3829,           0.9838290,      -19456.8120000,
  3830,           0.9838300,      -19456.1620000,
  3831,           0.9838310,      -19455.5210000,
  3832,           0.9838320,      -19454.8600000,
  3833,           0.9838330,      -19454.2200000,
  3834,           0.9838340,      -19453.5520000,
  3835,           0.9838350,      -19452.9800000,
  3836,           0.9838360,      -19452.3300000,
  3837,           0.9838370,      -19451.6620000,
  3838,           0.9838380,      -19451.0210000,
  3839,           0.9838390,      -19450.3900000,
  3840,           0.9838400,      -19449.7500000,
  3841,           0.9838410,      -19449.0900000,
  3842,           0.9838420,      -19448.4510000,
  3843,           0.9838430,      -19447.7900000,
  3844,           0.9838440,      -19447.1900000,
  3845,           0.9838450,      -19446.5210000,
  3846,           0.9838460,      -19445.8900000,
  3847,           0.9838470,      -19445.2440000,
  3848,           0.9838480,      -19444.6340000,
  3849,           0.9838490,      -19444.0000000,
  3850,           0.9838500,      -19443.3200000,
  3851,           0.9838510,      -19442.6800000,
  3852,           0.9838520,      -19442.0010000,
  3853,           0.9838530,      -19441.4200000,
  3854,           0.9838540,      -19440.7600000,
  3855,           0.9838550,      -19440.1100000,
  3856,           0.9838560,      -19439.4310000,
  3857,           0.9838570,      -19438.8430000,
  3858,           0.9838580,      -19438.1810000,
  3859,           0.9838590,      -19437.5330000,
  3860,           0.9838600,      -19436.8900000,
  3861,           0.9838610,      -19436.2300000,
  3862,           0.9838620,      -19435.6300000,
  3863,           0.9838630,      -19434.9330000,
  3864,           0.9838640,      -19434.3040000,
  3865,           0.9838650,      -19433.6520000,
  3866,           0.9838660,      -19433.0500000,
  3867,           0.9838670,      -19432.3940000,
  3868,           0.9838680,      -19431.7510000,
  3869,           0.9838690,      -19431.0800000,
  3870,           0.9838700,      -19430.4500000,
  3871,           0.9838710,      -19429.8040000,
  3872,           0.9838720,      -19517.2100000,
  3873,           0.9838730,      -19516.5640000,
  3874,           0.9838740,      -19515.9000000,
  3875,           0.9838750,      -19515.3000000,
  3876,           0.9838760,      -19514.6200000,
  3877,           0.9838770,      -19513.9900000,
  3878,           0.9838780,      -19513.3140000,
  3879,           0.9838790,      -19512.6730000,
  3880,           0.9838800,      -19512.0700000,
  3881,           0.9838810,      -19511.4330000,
  3882,           0.9838820,      -19510.7500000,
  3883,           0.9838830,      -19510.1100000,
  3884,           0.9838840,      -19509.5200000,
  3885,           0.9838850,      -19508.8400000,
  3886,           0.9838860,      -19508.1930000,
  3887,           0.9838870,      -19507.5420000,
  3888,           0.9838880,      -19506.9300000,
  3889,           0.9838890,      -19506.2800000,
  3890,           0.9838900,      -19505.6400000,
  3891,           0.9838910,      -19504.9740000,
  3892,           0.9838920,      -19504.3200000,
  3893,           0.9838930,      -19503.7320000,
  3894,           0.9838940,      -19503.0700000,
  3895,           0.9838950,      -19502.3900000,
  3896,           0.9838960,      -19501.7500000,
  3897,           0.9838970,      -19501.1400000,
  3898,           0.9838980,      -19500.4900000,
  3899,           0.9838990,      -19499.8500000,
  3900,           0.9839000,      -19499.1800000,
  3901,           0.9839010,      -19498.5300000,
  3902,           0.9839020,      -19497.9100000,
  3903,           0.9839030,      -19497.2600000,
  3904,           0.9839040,      -19496.5910000,
  3905,           0.9839050,      -19495.9430000,
  3906,           0.9839060,      -19495.3300000,
  3907,           0.9839070,      -19494.6620000,
  3908,           0.9839080,      -19494.0230000,
  3909,           0.9839090,      -19493.3900000,
  3910,           0.9839100,      -19492.7420000,
  3911,           0.9839110,      -19492.1110000,
  3912,           0.9839120,      -19491.4700000,
  3913,           0.9839130,      -19490.8000000,
  3914,           0.9839140,      -19490.1640000,
  3915,           0.9839150,      -19489.5300000,
  3916,           0.9839160,      -19488.8700000,
  3917,           0.9839170,      -19488.2240000,
  3918,           0.9839180,      -19487.5900000,
  3919,           0.9839190,      -19486.9200000,
  3920,           0.9839200,      -19486.3300000,
  3921,           0.9839210,      -19485.6700000,
  3922,           0.9839220,      -19485.0100000,
  3923,           0.9839230,      -19484.3730000,
  3924,           0.9839240,      -19483.7420000,
  3925,           0.9839250,      -19483.0910000,
  3926,           0.9839260,      -19482.4200000,
  3927,           0.9839270,      -19481.7940000,
  3928,           0.9839280,      -19481.1300000,
  3929,           0.9839290,      -19480.5100000,
  3930,           0.9839300,      -19479.8430000,
  3931,           0.9839310,      -19479.2000000,
  3932,           0.9839320,      -19478.5300000,
  3933,           0.9839330,      -19477.9400000,
  3934,           0.9839340,      -19477.2900000,
  3935,           0.9839350,      -19476.6130000,
  3936,           0.9839360,      -19475.9600000,
  3937,           0.9839370,      -19475.3000000,
  3938,           0.9839380,      -19474.7100000,
  3939,           0.9839390,      -19474.0520000,
  3940,           0.9839400,      -19473.4140000,
  3941,           0.9839410,      -19472.7200000,
  3942,           0.9839420,      -19472.1200000,
  3943,           0.9839430,      -19471.4600000,
  3944,           0.9839440,      -19470.8100000,
  3945,           0.9839450,      -19470.1500000,
  3946,           0.9839460,      -19469.5000000,
  3947,           0.9839470,      -19468.9000000,
  3948,           0.9839480,      -19468.2340000,
  3949,           0.9839490,      -19467.5830000,
  3950,           0.9839500,      -19466.9300000,
  3951,           0.9839510,      -19466.3200000,
  3952,           0.9839520,      -19465.6420000,
  3953,           0.9839530,      -19465.0030000,
  3954,           0.9839540,      -19464.3400000,
  3955,           0.9839550,      -19463.6900000,
  3956,           0.9839560,      -19463.0800000,
  3957,           0.9839570,      -19462.4140000,
  3958,           0.9839580,      -19461.7530000,
  3959,           0.9839590,      -19461.1000000,
  3960,           0.9839600,      -19460.4900000,
  3961,           0.9839610,      -19459.8300000,
  3962,           0.9839620,      -19459.1930000,
  3963,           0.9839630,      -19458.5130000,
  3964,           0.9839640,      -19457.8900000,
  3965,           0.9839650,      -19457.2420000,
  3966,           0.9839660,      -19456.6100000,
  3967,           0.9839670,      -19455.9400000,
  3968,           0.9839680,      -19543.3120000,
  3969,           0.9839690,      -19542.7100000,
  3970,           0.9839700,      -19542.0600000,
  3971,           0.9839710,      -19541.3800000,
  3972,           0.9839720,      -19540.7420000,
  3973,           0.9839730,      -19540.0900000,
  3974,           0.9839740,      -19539.4700000,
  3975,           0.9839750,      -19538.8100000,
  3976,           0.9839760,      -19538.1600000,
  3977,           0.9839770,      -19537.5100000,
  3978,           0.9839780,      -19536.8900000,
  3979,           0.9839790,      -19536.2320000,
  3980,           0.9839800,      -19535.5700000,
  3981,           0.9839810,      -19534.9100000,
  3982,           0.9839820,      -19534.2440000,
  3983,           0.9839830,      -19533.6440000,
  3984,           0.9839840,      -19532.9820000,
  3985,           0.9839850,      -19532.3220000,
  3986,           0.9839860,      -19531.6930000,
  3987,           0.9839870,      -19531.0700000,
  3988,           0.9839880,      -19530.4210000,
  3989,           0.9839890,      -19529.7500000,
  3990,           0.9839900,      -19529.1010000,
  3991,           0.9839910,      -19528.4400000,
  3992,           0.9839920,      -19527.8240000,
  3993,           0.9839930,      -19527.1600000,
  3994,           0.9839940,      -19526.5130000,
  3995,           0.9839950,      -19525.8410000,
  3996,           0.9839960,      -19525.2300000,
  3997,           0.9839970,      -19524.5800000,
  3998,           0.9839980,      -19523.9200000,
  3999,           0.9839990,      -19523.2900000,
  4000,           0.9840000,      -19522.6100000,
  4001,           0.9840010,      -19522.0010000,
  4002,           0.9840020,      -19521.3300000,
  4003,           0.9840030,      -19520.6810000,
  4004,           0.9840040,      -19520.0210000,
  4005,           0.9840050,      -19519.4100000,
  4006,           0.9840060,      -19518.7420000,
  4007,           0.9840070,      -19518.1100000,
  4008,           0.9840080,      -19517.4410000,
  4009,           0.9840090,      -19516.7910000,
  4010,           0.9840100,      -19516.1520000,
  4011,           0.9840110,      -19515.5000000,
  4012,           0.9840120,      -19514.8240000,
  4013,           0.9840130,      -19514.1830000,
  4014,           0.9840140,      -19513.5800000,
  4015,           0.9840150,      -19512.9100000,
  4016,           0.9840160,      -19512.2700000,
  4017,           0.9840170,      -19511.5930000,
  4018,           0.9840180,      -19510.9510000,
  4019,           0.9840190,      -19510.3200000,
  4020,           0.9840200,      -19509.6700000,
  4021,           0.9840210,      -19509.0200000,
  4022,           0.9840220,      -19508.3600000,
  4023,           0.9840230,      -19507.7300000,
  4024,           0.9840240,      -19507.0740000,
  4025,           0.9840250,      -19506.3840000,
  4026,           0.9840260,      -19505.7400000,
  4027,           0.9840270,      -19505.1100000,
  4028,           0.9840280,      -19504.4800000,
  4029,           0.9840290,      -19503.8330000,
  4030,           0.9840300,      -19503.1800000,
  4031,           0.9840310,      -19502.5130000,
  4032,           0.9840320,      -19501.9000000,
  4033,           0.9840330,      -19501.2500000,
  4034,           0.9840340,      -19500.5700000,
  4035,           0.9840350,      -19499.9310000,
  4036,           0.9840360,      -19499.2530000,
  4037,           0.9840370,      -19498.6500000,
  4038,           0.9840380,      -19497.9640000,
  4039,           0.9840390,      -19497.3330000,
  4040,           0.9840400,      -19496.6640000,
  4041,           0.9840410,      -19496.0620000,
  4042,           0.9840420,      -19495.3940000,
  4043,           0.9840430,      -19494.7240000,
  4044,           0.9840440,      -19494.0820000,
  4045,           0.9840450,      -19493.4210000,
  4046,           0.9840460,      -19492.8040000,
  4047,           0.9840470,      -19492.1100000,
  4048,           0.9840480,      -19491.4900000,
  4049,           0.9840490,      -19490.8200000,
  4050,           0.9840500,      -19490.1910000,
  4051,           0.9840510,      -19489.5500000,
  4052,           0.9840520,      -19488.8840000,
  4053,           0.9840530,      -19488.2100000,
  4054,           0.9840540,      -19487.5500000,
  4055,           0.9840550,      -19486.9500000,
  4056,           0.9840560,      -19486.2830000,
  4057,           0.9840570,      -19485.6400000,
  4058,           0.9840580,      -19484.9640000,
  4059,           0.9840590,      -19484.3510000,
  4060,           0.9840600,      -19483.6620000,
  4061,           0.9840610,      -19483.0400000,
  4062,           0.9840620,      -19482.3710000,
  4063,           0.9840630,      -19481.7400000,
  4064,           0.9840640,      -19481.1000000,
  4065,           0.9840650,      -19480.4410000,
  4066,           0.9840660,      -19479.7530000,
  4067,           0.9840670,      -19479.1100000,
  4068,           0.9840680,      -19478.4600000,
  4069,           0.9840690,      -19477.8300000,
  4070,           0.9840700,      -19477.1700000,
  4071,           0.9840710,      -19476.4900000,
  4072,           0.9840720,      -19475.8400000,
  4073,           0.9840730,      -19475.2220000,
  4074,           0.9840740,      -19474.5620000,
  4075,           0.9840750,      -19473.8840000,
  4076,           0.9840760,      -19473.2240000,
  4077,           0.9840770,      -19472.5820000,
  4078,           0.9840780,      -19471.9400000,
  4079,           0.9840790,      -19471.2610000,
  4080,           0.9840800,      -19470.6210000,
  4081,           0.9840810,      -19469.9700000,
  4082,           0.9840820,      -19469.3200000,
  4083,           0.9840830,      -19468.6400000,
  4084,           0.9840840,      -19468.0100000,
  4085,           0.9840850,      -19467.3500000,
  4086,           0.9840860,      -19466.7100000,
  4087,           0.9840870,      -19466.0600000,
  4088,           0.9840880,      -19465.3920000,
  4089,           0.9840890,      -19464.7400000,
  4090,           0.9840900,      -19464.1010000,
  4091,           0.9840910,      -19463.4430000,
  4092,           0.9840920,      -19462.7630000,
  4093,           0.9840930,      -19462.1000000,
  4094,           0.9840940,      -19461.4330000,
  4095,           0.9840950,      -19460.8100000,
  4096,           0.9840960,      -19460.1440000,
  4097,           0.9840970,      -19459.5000000,
  4098,           0.9840980,      -19458.8240000,
  4099,           0.9840990,      -19458.2000000,
  4100,           0.9841000,      -19457.5500000,
  4101,           0.9841010,      -19456.8630000,
  4102,           0.9841020,      -19456.2140000,
  4103,           0.9841030,      -19455.5310000,
  4104,           0.9841040,      -19454.9200000,
  4105,           0.9841050,      -19454.2400000,
  4106,           0.9841060,      -19453.5900000,
  4107,           0.9841070,      -19452.9300000,
  4108,           0.9841080,      -19452.2810000,
  4109,           0.9841090,      -19451.6210000,
  4110,           0.9841100,      -19450.9640000,
  4111,           0.9841110,      -19450.2730000,
  4112,           0.9841120,      -19449.6200000,
  4113,           0.9841130,      -19448.9820000,
  4114,           0.9841140,      -19448.3200000,
  4115,           0.9841150,      -19447.6810000,
  4116,           0.9841160,      -19446.9820000,
  4117,           0.9841170,      -19446.3710000,
  4118,           0.9841180,      -19445.7000000,
  4119,           0.9841190,      -19445.0400000,
  4120,           0.9841200,      -19444.3730000,
  4121,           0.9841210,      -19443.7000000,
  4122,           0.9841220,      -19443.0800000,
  4123,           0.9841230,      -19442.4200000,
  4124,           0.9841240,      -19441.7300000,
  4125,           0.9841250,      -19441.0620000,
  4126,           0.9841260,      -19440.4300000,
  4127,           0.9841270,      -19439.7700000,
  4128,           0.9841280,      -19439.0800000,
  4129,           0.9841290,      -19438.4300000,
  4130,           0.9841300,      -19437.7710000,
  4131,           0.9841310,      -19437.1400000,
  4132,           0.9841320,      -19436.4700000,
  4133,           0.9841330,      -19435.8020000,
  4134,           0.9841340,      -19435.1230000,
  4135,           0.9841350,      -19434.4940000,
  4136,           0.9841360,      -19433.8300000,
  4137,           0.9841370,      -19433.1540000,
  4138,           0.9841380,      -19432.4900000,
  4139,           0.9841390,      -19431.8000000,
  4140,           0.9841400,      -19431.1900000,
  4141,           0.9841410,      -19430.5010000,
  4142,           0.9841420,      -19429.8400000,
  4143,           0.9841430,      -19429.1600000,
  4144,           0.9841440,      -19428.5300000,
  4145,           0.9841450,      -19427.8700000,
  4146,           0.9841460,      -19427.1810000,
  4147,           0.9841470,      -19426.5230000,
  4148,           0.9841480,      -19425.8530000,
  4149,           0.9841490,      -19425.2400000,
  4150,           0.9841500,      -19424.5420000,
  4151,           0.9841510,      -19423.8730000,
  4152,           0.9841520,      -19423.1900000,
  4153,           0.9841530,      -19422.5700000,
  4154,           0.9841540,      -19421.8900000,
  4155,           0.9841550,      -19421.2320000,
  4156,           0.9841560,      -19420.5420000,
  4157,           0.9841570,      -19419.8610000,
  4158,           0.9841580,      -19419.2500000,
  4159,           0.9841590,      -19418.5910000,
  4160,           0.9841600,      -19417.9300000,
  4161,           0.9841610,      -19417.2400000,
  4162,           0.9841620,      -19416.6100000,
  4163,           0.9841630,      -19415.9300000,
  4164,           0.9841640,      -19415.2800000,
  4165,           0.9841650,      -19414.5720000,
  4166,           0.9841660,      -19413.9120000,
  4167,           0.9841670,      -19413.2700000,
  4168,           0.9841680,      -19412.6200000,
  4169,           0.9841690,      -19411.9200000,
  4170,           0.9841700,      -19411.2700000,
  4171,           0.9841710,      -19410.6240000,
  4172,           0.9841720,      -19409.9720000,
  4173,           0.9841730,      -19409.3000000,
  4174,           0.9841740,      -19408.6240000,
  4175,           0.9841750,      -19407.9330000,
  4176,           0.9841760,      -19407.3200000,
  4177,           0.9841770,      -19406.6300000,
  4178,           0.9841780,      -19405.9410000,
  4179,           0.9841790,      -19405.2900000,
  4180,           0.9841800,      -19404.6440000,
  4181,           0.9841810,      -19403.9700000,
  4182,           0.9841820,      -19403.2900000,
  4183,           0.9841830,      -19402.6200000,
  4184,           0.9841840,      -19401.9600000,
  4185,           0.9841850,      -19401.3120000,
  4186,           0.9841860,      -19400.6300000,
  4187,           0.9841870,      -19399.9620000,
  4188,           0.9841880,      -19399.2710000,
  4189,           0.9841890,      -19398.6600000,
  4190,           0.9841900,      -19397.9600000,
  4191,           0.9841910,      -19397.3040000,
  4192,           0.9841920,      -19396.6400000,
  4193,           0.9841930,      -19395.9400000,
  4194,           0.9841940,      -19395.3220000,
  4195,           0.9841950,      -19394.6400000,
  4196,           0.9841960,      -19393.9640000,
  4197,           0.9841970,      -19393.2830000,
  4198,           0.9841980,      -19392.6600000,
  4199,           0.9841990,      -19391.9700000,
  4200,           0.9842000,      -19391.3120000,
  4201,           0.9842010,      -19390.6300000,
  4202,           0.9842020,      -19389.9600000,
  4203,           0.9842030,      -19381.5000000,
  4204,           0.9842040,      -19380.8220000,
  4205,           0.9842050,      -19380.1420000,
  4206,           0.9842060,      -19379.4700000,
  4207,           0.9842070,      -19378.8300000,
  4208,           0.9842080,      -19378.1600000,
  4209,           0.9842090,      -19377.4720000,
  4210,           0.9842100,      -19376.7920000,
  4211,           0.9842110,      -19376.1320000,
  4212,           0.9842120,      -19375.4800000,
  4213,           0.9842130,      -19374.8300000,
  4214,           0.9842140,      -19374.1500000,
  4215,           0.9842150,      -19373.4600000,
  4216,           0.9842160,      -19372.8100000,
  4217,           0.9842170,      -19372.1500000,
  4218,           0.9842180,      -19371.4640000,
  4219,           0.9842190,      -19370.7910000,
  4220,           0.9842200,      -19370.0910000,
  4221,           0.9842210,      -19369.4800000,
  4222,           0.9842220,      -19368.7800000,
  4223,           0.9842230,      -19368.1100000,
  4224,           0.9842240,      -19367.4100000,
  4225,           0.9842250,      -19366.7920000,
  4226,           0.9842260,      -19366.1110000,
  4227,           0.9842270,      -19365.4310000,
  4228,           0.9842280,      -19364.7700000,
  4229,           0.9842290,      -19364.0700000,
  4230,           0.9842300,      -19363.4530000,
  4231,           0.9842310,      -19362.7610000,
  4232,           0.9842320,      -19362.0930000,
  4233,           0.9842330,      -19361.4120000,
  4234,           0.9842340,      -19360.7910000,
  4235,           0.9842350,      -19360.1000000,
  4236,           0.9842360,      -19359.4120000,
  4237,           0.9842370,      -19358.7200000,
  4238,           0.9842380,      -19358.0410000,
  4239,           0.9842390,      -19357.3900000,
  4240,           0.9842400,      -19356.7140000,
  4241,           0.9842410,      -19356.0500000,
  4242,           0.9842420,      -19355.3600000,
  4243,           0.9842430,      -19354.7100000,
  4244,           0.9842440,      -19354.0440000,
  4245,           0.9842450,      -19353.3800000,
  4246,           0.9842460,      -19352.6900000,
  4247,           0.9842470,      -19352.0230000,
  4248,           0.9842480,      -19343.5100000,
  4249,           0.9842490,      -19342.8400000,
  4250,           0.9842500,      -19342.1420000,
  4251,           0.9842510,      -19341.4720000,
  4252,           0.9842520,      -19340.8330000,
  4253,           0.9842530,      -19340.1700000,
  4254,           0.9842540,      -19339.4640000,
  4255,           0.9842550,      -19338.7910000,
  4256,           0.9842560,      -19338.1000000,
  4257,           0.9842570,      -19337.4600000,
  4258,           0.9842580,      -19336.7800000,
  4259,           0.9842590,      -19336.1200000,
  4260,           0.9842600,      -19335.4120000,
  4261,           0.9842610,      -19334.7900000,
  4262,           0.9842620,      -19334.1200000,
  4263,           0.9842630,      -19333.4210000,
  4264,           0.9842640,      -19332.7320000,
  4265,           0.9842650,      -19332.0440000,
  4266,           0.9842660,      -19331.4200000,
  4267,           0.9842670,      -19330.7200000,
  4268,           0.9842680,      -19330.0600000,
  4269,           0.9842690,      -19329.3700000,
  4270,           0.9842700,      -19328.7140000,
  4271,           0.9842710,      -19328.0400000,
  4272,           0.9842720,      -19327.3430000,
  4273,           0.9842730,      -19326.6730000,
  4274,           0.9842740,      -19325.9920000,
  4275,           0.9842750,      -19325.3500000,
  4276,           0.9842760,      -19324.6500000,
  4277,           0.9842770,      -19323.9700000,
  4278,           0.9842780,      -19323.3000000,
  4279,           0.9842790,      -19322.6710000,
  4280,           0.9842800,      -19321.9700000,
  4281,           0.9842810,      -19321.3020000,
  4282,           0.9842820,      -19320.6030000,
  4283,           0.9842830,      -19319.9800000,
  4284,           0.9842840,      -19319.2900000,
  4285,           0.9842850,      -19318.6030000,
  4286,           0.9842860,      -19317.9100000,
  4287,           0.9842870,      -19317.2200000,
  4288,           0.9842880,      -19316.5800000,
  4289,           0.9842890,      -19315.9100000,
  4290,           0.9842900,      -19315.2100000,
  4291,           0.9842910,      -19314.5520000,
  4292,           0.9842920,      -19313.8900000,
  4293,           0.9842930,      -19313.2000000,
  4294,           0.9842940,      -19312.5200000,
  4295,           0.9842950,      -19311.8410000,
  4296,           0.9842960,      -19311.1520000,
  4297,           0.9842970,      -19310.5230000,
  4298,           0.9842980,      -19309.8400000,
  4299,           0.9842990,      -19309.1500000,
  4300,           0.9843000,      -19308.4620000,
  4301,           0.9843010,      -19307.8120000,
  4302,           0.9843020,      -19307.1400000,
  4303,           0.9843030,      -19306.4400000,
  4304,           0.9843040,      -19305.7700000,
  4305,           0.9843050,      -19305.0700000,
  4306,           0.9843060,      -19304.4400000,
  4307,           0.9843070,      -19303.7300000,
  4308,           0.9843080,      -19303.0600000,
  4309,           0.9843090,      -19302.3700000,
  4310,           0.9843100,      -19301.7320000,
  4311,           0.9843110,      -19301.0400000,
  4312,           0.9843120,      -19300.3430000,
  4313,           0.9843130,      -19299.6620000,
  4314,           0.9843140,      -19298.9800000,
  4315,           0.9843150,      -19298.3400000,
  4316,           0.9843160,      -19297.6710000,
  4317,           0.9843170,      -19296.9700000,
  4318,           0.9843180,      -19296.2800000,
  4319,           0.9843190,      -19295.6400000,
  4320,           0.9843200,      -19294.9200000,
  4321,           0.9843210,      -19294.2500000,
  4322,           0.9843220,      -19293.5620000,
  4323,           0.9843230,      -19292.8820000,
  4324,           0.9843240,      -19292.2320000,
  4325,           0.9843250,      -19291.5620000,
  4326,           0.9843260,      -19290.8710000,
  4327,           0.9843270,      -19290.2000000,
  4328,           0.9843280,      -19289.5310000,
  4329,           0.9843290,      -19288.8600000,
  4330,           0.9843300,      -19288.1500000,
  4331,           0.9843310,      -19287.4720000,
  4332,           0.9843320,      -19286.7630000,
  4333,           0.9843330,      -19286.1400000,
  4334,           0.9843340,      -19285.4500000,
  4335,           0.9843350,      -19284.7610000,
  4336,           0.9843360,      -19284.0900000,
  4337,           0.9843370,      -19283.4200000,
  4338,           0.9843380,      -19282.7500000,
  4339,           0.9843390,      -19282.0400000,
  4340,           0.9843400,      -19281.3820000,
  4341,           0.9843410,      -19280.6700000,
  4342,           0.9843420,      -19280.0210000,
  4343,           0.9843430,      -19279.3400000,
  4344,           0.9843440,      -19278.6540000,
  4345,           0.9843450,      -19277.9600000,
  4346,           0.9843460,      -19277.3200000,
  4347,           0.9843470,      -19276.6130000,
  4348,           0.9843480,      -19275.9330000,
  4349,           0.9843490,      -19275.2440000,
  4350,           0.9843500,      -19274.5520000,
  4351,           0.9843510,      -19273.8940000,
  4352,           0.9843520,      -19273.2120000,
  4353,           0.9843530,      -19272.5200000,
  4354,           0.9843540,      -19271.8330000,
  4355,           0.9843550,      -19271.1800000,
  4356,           0.9843560,      -19270.5100000,
  4357,           0.9843570,      -19269.8240000,
  4358,           0.9843580,      -19269.1200000,
  4359,           0.9843590,      -19268.4330000,
  4360,           0.9843600,      -19267.7900000,
  4361,           0.9843610,      -19267.1130000,
  4362,           0.9843620,      -19266.4100000,
  4363,           0.9843630,      -19265.7300000,
  4364,           0.9843640,      -19265.0600000,
  4365,           0.9843650,      -19264.3920000,
  4366,           0.9843660,      -19263.7000000,
  4367,           0.9843670,      -19263.0110000,
  4368,           0.9843680,      -19262.3040000,
  4369,           0.9843690,      -19261.6700000,
  4370,           0.9843700,      -19260.9720000,
  4371,           0.9843710,      -19260.2900000,
  4372,           0.9843720,      -19259.5830000,
  4373,           0.9843730,      -19258.9510000,
  4374,           0.9843740,      -19258.2400000,
  4375,           0.9843750,      -19257.5720000,
  4376,           0.9843760,      -19256.9000000,
  4377,           0.9843770,      -19256.1900000,
  4378,           0.9843780,      -19255.5440000,
  4379,           0.9843790,      -19254.8510000,
  4380,           0.9843800,      -19254.1800000,
  4381,           0.9843810,      -19341.5100000,
  4382,           0.9843820,      -19340.8700000,
  4383,           0.9843830,      -19340.1600000,
  4384,           0.9843840,      -19339.4700000,
  4385,           0.9843850,      -19338.8020000,
  4386,           0.9843860,      -19338.1100000,
  4387,           0.9843870,      -19337.4300000,
  4388,           0.9843880,      -19336.7600000,
  4389,           0.9843890,      -19336.0600000,
  4390,           0.9843900,      -19335.4000000,
  4391,           0.9843910,      -19334.7300000,
  4392,           0.9843920,      -19334.0600000,
  4393,           0.9843930,      -19333.3600000,
  4394,           0.9843940,      -19332.6620000,
  4395,           0.9843950,      -19331.9700000,
  4396,           0.9843960,      -19331.3400000,
  4397,           0.9843970,      -19330.6600000,
  4398,           0.9843980,      -19329.9530000,
  4399,           0.9843990,      -19329.2700000,
  4400,           0.9844000,      -19328.6300000,
  4401,           0.9844010,      -19327.9300000,
  4402,           0.9844020,      -19327.2440000,
  4403,           0.9844030,      -19326.5600000,
  4404,           0.9844040,      -19325.8410000,
  4405,           0.9844050,      -19325.2100000,
  4406,           0.9844060,      -19324.5000000,
  4407,           0.9844070,      -19323.8220000,
  4408,           0.9844080,      -19323.1500000,
  4409,           0.9844090,      -19322.5110000,
  4410,           0.9844100,      -19321.8020000,
  4411,           0.9844110,      -19321.0910000,
  4412,           0.9844120,      -19320.3920000,
  4413,           0.9844130,      -19319.7240000,
  4414,           0.9844140,      -19319.0740000,
  4415,           0.9844150,      -19318.3800000,
  4416,           0.9844160,      -19317.6710000,
  4417,           0.9844170,      -19316.9920000,
  4418,           0.9844180,      -19316.3500000,
  4419,           0.9844190,      -19315.6400000,
  4420,           0.9844200,      -19314.9700000,
  4421,           0.9844210,      -19314.2530000,
  4422,           0.9844220,      -19313.5900000,
  4423,           0.9844230,      -19312.9120000,
  4424,           0.9844240,      -19312.2300000,
  4425,           0.9844250,      -19311.5300000,
  4426,           0.9844260,      -19310.8410000,
  4427,           0.9844270,      -19310.2010000,
  4428,           0.9844280,      -19309.5000000,
  4429,           0.9844290,      -19308.7920000,
  4430,           0.9844300,      -19308.1100000,
  4431,           0.9844310,      -19307.4200000,
  4432,           0.9844320,      -19306.7710000,
  4433,           0.9844330,      -19306.0600000,
  4434,           0.9844340,      -19305.3940000,
  4435,           0.9844350,      -19304.6810000,
  4436,           0.9844360,      -19304.0310000,
  4437,           0.9844370,      -19303.3430000,
  4438,           0.9844380,      -19302.6600000,
  4439,           0.9844390,      -19301.9500000,
  4440,           0.9844400,      -19301.2510000,
  4441,           0.9844410,      -19300.6200000,
  4442,           0.9844420,      -19299.9100000,
  4443,           0.9844430,      -19299.2320000,
  4444,           0.9844440,      -19298.5300000,
  4445,           0.9844450,      -19297.9100000,
  4446,           0.9844460,      -19297.1910000,
  4447,           0.9844470,      -19296.5100000,
  4448,           0.9844480,      -19295.8000000,
  4449,           0.9844490,      -19295.1130000,
  4450,           0.9844500,      -19286.5930000,
  4451,           0.9844510,      -19285.9120000,
  4452,           0.9844520,      -19285.2030000,
  4453,           0.9844530,      -19284.5200000,
  4454,           0.9844540,      -19283.8700000,
  4455,           0.9844550,      -19283.1900000,
  4456,           0.9844560,      -19282.4840000,
  4457,           0.9844570,      -19281.8100000,
  4458,           0.9844580,      -19281.1030000,
  4459,           0.9844590,      -19280.4840000,
  4460,           0.9844600,      -19279.7630000,
  4461,           0.9844610,      -19279.0800000,
  4462,           0.9844620,      -19278.3700000,
  4463,           0.9844630,      -19277.7200000,
  4464,           0.9844640,      -19277.0520000,
  4465,           0.9844650,      -19276.3500000,
  4466,           0.9844660,      -19275.6520000,
  4467,           0.9844670,      -19274.9310000,
  4468,           0.9844680,      -19274.3120000,
  4469,           0.9844690,      -19273.5910000,
  4470,           0.9844700,      -19272.9100000,
  4471,           0.9844710,      -19272.1810000,
  4472,           0.9844720,      -19271.5600000,
  4473,           0.9844730,      -19270.8330000,
  4474,           0.9844740,      -19270.1620000,
  4475,           0.9844750,      -19269.4640000,
  4476,           0.9844760,      -19268.8000000,
  4477,           0.9844770,      -19268.0900000,
  4478,           0.9844780,      -19267.4020000,
  4479,           0.9844790,      -19354.7300000,
  4480,           0.9844800,      -19354.0420000,
  4481,           0.9844810,      -19353.3800000,
  4482,           0.9844820,      -19352.6900000,
  4483,           0.9844830,      -19351.9900000,
  4484,           0.9844840,      -19351.3120000,
  4485,           0.9844850,      -19350.6500000,
  4486,           0.9844860,      -19349.9500000,
  4487,           0.9844870,      -19349.2700000,
  4488,           0.9844880,      -19348.5600000,
  4489,           0.9844890,      -19347.8710000,
  4490,           0.9844900,      -19347.2100000,
  4491,           0.9844910,      -19346.5210000,
  4492,           0.9844920,      -19345.8140000,
  4493,           0.9844930,      -19345.1200000,
  4494,           0.9844940,      -19344.4640000,
  4495,           0.9844950,      -19343.7810000,
  4496,           0.9844960,      -19343.0640000,
  4497,           0.9844970,      -19342.3800000,
  4498,           0.9844980,      -19341.6800000,
  4499,           0.9844990,      -19341.0300000,
  4500,           0.9845000,      -19340.3040000,
  4501,           0.9845010,      -19331.7900000,
  4502,           0.9845020,      -19331.0620000,
  4503,           0.9845030,      -19330.4300000,
  4504,           0.9845040,      -19329.7140000,
  4505,           0.9845050,      -19329.0230000,
  4506,           0.9845060,      -19328.3100000,
  4507,           0.9845070,      -19327.6240000,
  4508,           0.9845080,      -19326.9500000,
  4509,           0.9845090,      -19326.2700000,
  4510,           0.9845100,      -19325.5540000,
  4511,           0.9845110,      -19324.8710000,
  4512,           0.9845120,      -19324.2000000,
  4513,           0.9845130,      -19323.5000000,
  4514,           0.9845140,      -19322.8100000,
  4515,           0.9845150,      -19322.1210000,
  4516,           0.9845160,      -19321.4200000,
  4517,           0.9845170,      -19320.7700000,
  4518,           0.9845180,      -19320.0700000,
  4519,           0.9845190,      -19319.3610000,
  4520,           0.9845200,      -19318.6700000,
  4521,           0.9845210,      -19318.0100000,
  4522,           0.9845220,      -19317.3200000,
  4523,           0.9845230,      -19316.6110000,
  4524,           0.9845240,      -19315.9100000,
  4525,           0.9845250,      -19315.2100000,
  4526,           0.9845260,      -19314.5500000,
  4527,           0.9845270,      -19313.8530000,
  4528,           0.9845280,      -19313.1540000,
  4529,           0.9845290,      -19312.4500000,
  4530,           0.9845300,      -19311.8000000,
  4531,           0.9845310,      -19311.1000000,
  4532,           0.9845320,      -19310.4040000,
  4533,           0.9845330,      -19309.6930000,
  4534,           0.9845340,      -19308.9940000,
  4535,           0.9845350,      -19308.3320000,
  4536,           0.9845360,      -19307.6600000,
  4537,           0.9845370,      -19306.9430000,
  4538,           0.9845380,      -19306.2600000,
  4539,           0.9845390,      -19305.6100000,
  4540,           0.9845400,      -19304.9020000,
  4541,           0.9845410,      -19304.2030000,
  4542,           0.9845420,      -19303.5100000,
  4543,           0.9845430,      -19302.8100000,
  4544,           0.9845440,      -19302.1320000,
  4545,           0.9845450,      -19301.4530000,
  4546,           0.9845460,      -19300.7500000,
  4547,           0.9845470,      -19300.0520000,
  4548,           0.9845480,      -19299.3900000,
  4549,           0.9845490,      -19298.7000000,
  4550,           0.9845500,      -19297.9800000,
  4551,           0.9845510,      -19297.2900000,
  4552,           0.9845520,      -19296.5820000,
  4553,           0.9845530,      -19295.9500000,
  4554,           0.9845540,      -19295.2420000,
  4555,           0.9845550,      -19294.5540000,
  4556,           0.9845560,      -19293.8240000,
  4557,           0.9845570,      -19293.2000000,
  4558,           0.9845580,      -19292.4620000,
  4559,           0.9845590,      -19291.7800000,
  4560,           0.9845600,      -19291.0740000,
  4561,           0.9845610,      -19290.3820000,
  4562,           0.9845620,      -19289.7200000,
  4563,           0.9845630,      -19289.0300000,
  4564,           0.9845640,      -19288.3220000,
  4565,           0.9845650,      -19287.6500000,
  4566,           0.9845660,      -19286.9900000,
  4567,           0.9845670,      -19286.2710000,
  4568,           0.9845680,      -19285.5800000,
  4569,           0.9845690,      -19284.8700000,
  4570,           0.9845700,      -19284.1640000,
  4571,           0.9845710,      -19283.5100000,
  4572,           0.9845720,      -19282.8120000,
  4573,           0.9845730,      -19282.1100000,
  4574,           0.9845740,      -19281.4200000,
  4575,           0.9845750,      -19280.7600000,
  4576,           0.9845760,      -19280.0600000,
  4577,           0.9845770,      -19279.3530000,
  4578,           0.9845780,      -19278.6800000,
  4579,           0.9845790,      -19277.9700000,
  4580,           0.9845800,      -19277.3100000,
  4581,           0.9845810,      -19276.5900000,
  4582,           0.9845820,      -19275.9100000,
  4583,           0.9845830,      -19275.1810000,
  4584,           0.9845840,      -19274.5540000,
  4585,           0.9845850,      -19273.8320000,
  4586,           0.9845860,      -19273.1600000,
  4587,           0.9845870,      -19272.4400000,
  4588,           0.9845880,      -19271.7530000,
  4589,           0.9845890,      -19359.1030000,
  4590,           0.9845900,      -19358.4210000,
  4591,           0.9845910,      -19357.6910000,
  4592,           0.9845920,      -19357.0110000,
  4593,           0.9845930,      -19356.3430000,
  4594,           0.9845940,      -19355.6420000,
  4595,           0.9845950,      -19354.9510000,
  4596,           0.9845960,      -19354.2730000,
  4597,           0.9845970,      -19353.5600000,
  4598,           0.9845980,      -19352.8920000,
  4599,           0.9845990,      -19344.8140000,
  4600,           0.9846000,      -19344.1100000,
  4601,           0.9846010,      -19343.4100000,
  4602,           0.9846020,      -19342.7340000,
  4603,           0.9846030,      -19342.0500000,
  4604,           0.9846040,      -19341.3400000,
  4605,           0.9846050,      -19340.6300000,
  4606,           0.9846060,      -19339.9310000,
  4607,           0.9846070,      -19427.3140000,
  4608,           0.9846080,      -19426.6010000,
  4609,           0.9846090,      -19425.9140000,
  4610,           0.9846100,      -19425.1930000,
  4611,           0.9846110,      -19424.5400000,
  4612,           0.9846120,      -19423.8300000,
  4613,           0.9846130,      -19423.1300000,
  4614,           0.9846140,      -19422.4300000,
  4615,           0.9846150,      -19421.7300000,
  4616,           0.9846160,      -19413.1900000,
  4617,           0.9846170,      -19412.5200000,
  4618,           0.9846180,      -19411.8000000,
  4619,           0.9846190,      -19411.1000000,
  4620,           0.9846200,      -19410.4410000,
  4621,           0.9846210,      -19409.7400000,
  4622,           0.9846220,      -19409.0200000,
  4623,           0.9846230,      -19408.3320000,
  4624,           0.9846240,      -19407.6320000,
  4625,           0.9846250,      -19406.9430000,
  4626,           0.9846260,      -19406.2800000,
  4627,           0.9846270,      -19405.5600000,
  4628,           0.9846280,      -19404.8530000,
  4629,           0.9846290,      -19404.1800000,
  4630,           0.9846300,      -19403.5010000,
  4631,           0.9846310,      -19402.7900000,
  4632,           0.9846320,      -19402.0910000,
  4633,           0.9846330,      -19401.3800000,
  4634,           0.9846340,      -19400.7220000,
  4635,           0.9846350,      -19400.0200000,
  4636,           0.9846360,      -19399.3400000,
  4637,           0.9846370,      -19398.6100000,
  4638,           0.9846380,      -19397.9510000,
  4639,           0.9846390,      -19485.2700000,
  4640,           0.9846400,      -19484.5900000,
  4641,           0.9846410,      -19483.8610000,
  4642,           0.9846420,      -19483.1620000,
  4643,           0.9846430,      -19482.5100000,
  4644,           0.9846440,      -19481.8240000,
  4645,           0.9846450,      -19481.0820000,
  4646,           0.9846460,      -19480.4040000,
  4647,           0.9846470,      -19567.7800000,
  4648,           0.9846480,      -19567.0700000,
  4649,           0.9846490,      -19566.3500000,
  4650,           0.9846500,      -19565.6700000,
  4651,           0.9846510,      -19564.9720000,
  4652,           0.9846520,      -19564.3000000,
  4653,           0.9846530,      -19563.5800000,
  4654,           0.9846540,      -19562.8900000,
  4655,           0.9846550,      -19562.1830000,
  4656,           0.9846560,      -19561.5600000,
  4657,           0.9846570,      -19560.8500000,
  4658,           0.9846580,      -19560.1400000,
  4659,           0.9846590,      -19559.4510000,
  4660,           0.9846600,      -19558.7300000,
  4661,           0.9846610,      -19558.0800000,
  4662,           0.9846620,      -19557.3610000,
  4663,           0.9846630,      -19556.6800000,
  4664,           0.9846640,      -19555.9410000,
  4665,           0.9846650,      -19555.3100000,
  4666,           0.9846660,      -19554.5930000,
  4667,           0.9846670,      -19553.9100000,
  4668,           0.9846680,      -19553.1800000,
  4669,           0.9846690,      -19552.5000000,
  4670,           0.9846700,      -19551.8140000,
  4671,           0.9846710,      -19551.1300000,
  4672,           0.9846720,      -19550.4120000,
  4673,           0.9846730,      -19549.7240000,
  4674,           0.9846740,      -19549.0700000,
  4675,           0.9846750,      -19548.3510000,
  4676,           0.9846760,      -19547.6340000,
  4677,           0.9846770,      -19546.9500000,
  4678,           0.9846780,      -19546.2800000,
  4679,           0.9846790,      -19545.5800000,
  4680,           0.9846800,      -19544.8630000,
  4681,           0.9846810,      -19544.1640000,
  4682,           0.9846820,      -19543.4600000,
  4683,           0.9846830,      -19542.8140000,
  4684,           0.9846840,      -19542.1100000,
  4685,           0.9846850,      -19541.4000000,
  4686,           0.9846860,      -19540.6730000,
  4687,           0.9846870,      -19540.0330000,
  4688,           0.9846880,      -19539.3000000,
  4689,           0.9846890,      -19538.6210000,
  4690,           0.9846900,      -19537.9140000,
  4691,           0.9846910,      -19537.2240000,
  4692,           0.9846920,      -19536.5640000,
  4693,           0.9846930,      -19535.8600000,
  4694,           0.9846940,      -19535.1600000,
  4695,           0.9846950,      -19534.4600000,
  4696,           0.9846960,      -19533.8040000,
  4697,           0.9846970,      -19533.0900000,
  4698,           0.9846980,      -19532.3900000,
  4699,           0.9846990,      -19531.6830000,
  4700,           0.9847000,      -19530.9840000,
  4701,           0.9847010,      -19530.3100000,
  4702,           0.9847020,      -19529.6230000,
  4703,           0.9847030,      -19528.9100000,
  4704,           0.9847040,      -19528.2100000,
  4705,           0.9847050,      -19527.5500000,
  4706,           0.9847060,      -19526.8500000,
  4707,           0.9847070,      -19526.1400000,
  4708,           0.9847080,      -19525.4500000,
  4709,           0.9847090,      -19524.7140000,
  4710,           0.9847100,      -19524.0830000,
  4711,           0.9847110,      -19523.3600000,
  4712,           0.9847120,      -19522.6500000,
  4713,           0.9847130,      -19521.9510000,
  4714,           0.9847140,      -19521.3020000,
  4715,           0.9847150,      -19520.5910000,
  4716,           0.9847160,      -19519.9100000,
  4717,           0.9847170,      -19519.1700000,
  4718,           0.9847180,      -19518.4800000,
  4719,           0.9847190,      -19517.8000000,
  4720,           0.9847200,      -19517.1130000,
  4721,           0.9847210,      -19516.4000000,
  4722,           0.9847220,      -19515.7200000,
  4723,           0.9847230,      -19515.0310000,
  4724,           0.9847240,      -19514.3430000,
  4725,           0.9847250,      -19513.6300000,
  4726,           0.9847260,      -19512.9400000,
  4727,           0.9847270,      -19512.2200000,
  4728,           0.9847280,      -19511.5800000,
  4729,           0.9847290,      -19510.8600000,
  4730,           0.9847300,      -19510.1600000,
  4731,           0.9847310,      -19509.4700000,
  4732,           0.9847320,      -19508.7920000,
  4733,           0.9847330,      -19508.0930000,
  4734,           0.9847340,      -19507.3800000,
  4735,           0.9847350,      -19506.6930000,
  4736,           0.9847360,      -19505.9700000,
  4737,           0.9847370,      -19505.3200000,
  4738,           0.9847380,      -19504.6010000,
  4739,           0.9847390,      -19503.9200000,
  4740,           0.9847400,      -19503.2100000,
  4741,           0.9847410,      -19502.5400000,
  4742,           0.9847420,      -19501.8400000,
  4743,           0.9847430,      -19501.1420000,
  4744,           0.9847440,      -19500.4120000,
  4745,           0.9847450,      -19499.7320000,
  4746,           0.9847460,      -19499.0410000,
  4747,           0.9847470,      -19498.3630000,
  4748,           0.9847480,      -19497.6400000,
  4749,           0.9847490,      -19496.9620000,
  4750,           0.9847500,      -19496.2800000,
  4751,           0.9847510,      -19495.6030000,
  4752,           0.9847520,      -19494.8700000,
  4753,           0.9847530,      -19494.1800000,
  4754,           0.9847540,      -19493.4530000,
  4755,           0.9847550,      -19492.8100000,
  4756,           0.9847560,      -19492.1000000,
  4757,           0.9847570,      -19491.3940000,
  4758,           0.9847580,      -19490.7000000,
  4759,           0.9847590,      -19490.0520000,
  4760,           0.9847600,      -19489.3400000,
  4761,           0.9847610,      -19488.6420000,
  4762,           0.9847620,      -19487.9230000,
  4763,           0.9847630,      -19487.2400000,
  4764,           0.9847640,      -19486.5600000,
  4765,           0.9847650,      -19485.8530000,
  4766,           0.9847660,      -19485.1400000,
  4767,           0.9847670,      -19484.4500000,
  4768,           0.9847680,      -19483.7710000,
  4769,           0.9847690,      -19483.0830000,
  4770,           0.9847700,      -19482.3610000,
  4771,           0.9847710,      -19481.6800000,
  4772,           0.9847720,      -19480.9900000,
  4773,           0.9847730,      -19480.3120000,
  4774,           0.9847740,      -19479.6200000,
  4775,           0.9847750,      -19478.9000000,
  4776,           0.9847760,      -19478.2140000,
  4777,           0.9847770,      -19477.5400000,
  4778,           0.9847780,      -19476.8330000,
  4779,           0.9847790,      -19476.1300000,
  4780,           0.9847800,      -19475.4400000,
  4781,           0.9847810,      -19474.7100000,
  4782,           0.9847820,      -19474.0700000,
  4783,           0.9847830,      -19473.3500000,
  4784,           0.9847840,      -19472.6400000,
  4785,           0.9847850,      -19471.9400000,
  4786,           0.9847860,      -19471.2700000,
  4787,           0.9847870,      -19470.5640000,
  4788,           0.9847880,      -19469.8920000,
  4789,           0.9847890,      -19469.1620000,
  4790,           0.9847900,      -19468.4600000,
  4791,           0.9847910,      -19467.7910000,
  4792,           0.9847920,      -19467.0910000,
  4793,           0.9847930,      -19466.3800000,
  4794,           0.9847940,      -19465.6730000,
  4795,           0.9847950,      -19465.0300000,
  4796,           0.9847960,      -19464.3300000,
  4797,           0.9847970,      -19463.5910000,
  4798,           0.9847980,      -19462.9000000,
  4799,           0.9847990,      -19462.1910000,
  4800,           0.9848000,      -19461.5330000,
  4801,           0.9848010,      -19460.8140000,
  4802,           0.9848020,      -19460.1300000,
  4803,           0.9848030,      -19459.4100000,
  4804,           0.9848040,      -19458.7700000,
  4805,           0.9848050,      -19458.0200000,
  4806,           0.9848060,      -19457.3500000,
  4807,           0.9848070,      -19456.6420000,
  4808,           0.9848080,      -19455.9400000,
  4809,           0.9848090,      -19455.2610000,
  4810,           0.9848100,      -19454.5700000,
  4811,           0.9848110,      -19453.8500000,
  4812,           0.9848120,      -19453.1420000,
  4813,           0.9848130,      -19452.4800000,
  4814,           0.9848140,      -19451.7940000,
  4815,           0.9848150,      -19451.0700000,
  4816,           0.9848160,      -19450.3820000,
  4817,           0.9848170,      -19449.6520000,
  4818,           0.9848180,      -19449.0130000,
  4819,           0.9848190,      -19448.2800000,
  4820,           0.9848200,      -19447.5900000,
  4821,           0.9848210,      -19446.8820000,
  4822,           0.9848220,      -19446.2200000,
  4823,           0.9848230,      -19445.5110000,
  4824,           0.9848240,      -19444.8000000,
  4825,           0.9848250,      -19444.1100000,
  4826,           0.9848260,      -19443.3800000,
  4827,           0.9848270,      -19442.7400000,
  4828,           0.9848280,      -19442.0030000,
  4829,           0.9848290,      -19441.3140000,
  4830,           0.9848300,      -19440.6000000,
  4831,           0.9848310,      -19439.9300000,
  4832,           0.9848320,      -19439.2300000,
  4833,           0.9848330,      -19438.5310000,
  4834,           0.9848340,      -19437.8100000,
  4835,           0.9848350,      -19437.1030000,
  4836,           0.9848360,      -19436.4200000,
  4837,           0.9848370,      -19435.7400000,
  4838,           0.9848380,      -19435.0200000,
  4839,           0.9848390,      -19434.3200000,
  4840,           0.9848400,      -19433.6400000,
  4841,           0.9848410,      -19432.9300000,
  4842,           0.9848420,      -19432.2200000,
  4843,           0.9848430,      -19431.5310000,
  4844,           0.9848440,      -19430.8100000,
  4845,           0.9848450,      -19430.1300000,
  4846,           0.9848460,      -19429.4400000,
  4847,           0.9848470,      -19428.7300000,
  4848,           0.9848480,      -19428.0100000,
  4849,           0.9848490,      -19427.3500000,
  4850,           0.9848500,      -19426.6340000,
  4851,           0.9848510,      -19425.9300000,
  4852,           0.9848520,      -19425.2320000,
  4853,           0.9848530,      -19424.5300000,
  4854,           0.9848540,      -19423.8510000,
  4855,           0.9848550,      -19423.1440000,
  4856,           0.9848560,      -19422.4230000,
  4857,           0.9848570,      -19421.7200000,
  4858,           0.9848580,      -19421.0700000,
  4859,           0.9848590,      -19420.3400000,
  4860,           0.9848600,      -19419.6300000,
  4861,           0.9848610,      -19418.9510000,
  4862,           0.9848620,      -19418.2100000,
  4863,           0.9848630,      -19417.5500000,
  4864,           0.9848640,      -19416.8430000,
  4865,           0.9848650,      -19416.1540000,
  4866,           0.9848660,      -19415.4400000,
  4867,           0.9848670,      -19414.7900000,
  4868,           0.9848680,      -19414.0620000,
  4869,           0.9848690,      -19413.3500000,
  4870,           0.9848700,      -19412.6320000,
  4871,           0.9848710,      -19411.9800000,
  4872,           0.9848720,      -19411.2710000,
  4873,           0.9848730,      -19410.5720000,
  4874,           0.9848740,      -19409.8600000,
  4875,           0.9848750,      -19409.1500000,
  4876,           0.9848760,      -19408.4740000,
  4877,           0.9848770,      -19407.7810000,
  4878,           0.9848780,      -19407.0700000,
  4879,           0.9848790,      -19406.3820000,
  4880,           0.9848800,      -19405.6800000,
  4881,           0.9848810,      -19404.9840000,
  4882,           0.9848820,      -19404.2700000,
  4883,           0.9848830,      -19403.5700000,
  4884,           0.9848840,      -19402.8710000,
  4885,           0.9848850,      -19402.2100000,
  4886,           0.9848860,      -19401.5200000,
  4887,           0.9848870,      -19400.7900000,
  4888,           0.9848880,      -19400.0830000,
  4889,           0.9848890,      -19399.4040000,
  4890,           0.9848900,      -19398.7140000,
  4891,           0.9848910,      -19398.0000000,
  4892,           0.9848920,      -19397.2810000,
  4893,           0.9848930,      -19396.5800000,
  4894,           0.9848940,      -19395.9230000,
  4895,           0.9848950,      -19395.2030000,
  4896,           0.9848960,      -19394.5010000,
  4897,           0.9848970,      -19393.7800000,
  4898,           0.9848980,      -19393.1320000,
  4899,           0.9848990,      -19392.4200000,
  4900,           0.9849000,      -19391.7200000,
  4901,           0.9849010,      -19391.0030000,
  4902,           0.9849020,      -19390.2900000,
  4903,           0.9849030,      -19389.6200000,
  4904,           0.9849040,      -19388.9140000,
  4905,           0.9849050,      -19388.2000000,
  4906,           0.9849060,      -19387.5000000,
  4907,           0.9849070,      -19386.8220000,
  4908,           0.9849080,      -19386.1030000,
  4909,           0.9849090,      -19385.4020000,
  4910,           0.9849100,      -19384.6900000,
  4911,           0.9849110,      -19383.9900000,
  4912,           0.9849120,      -19383.3300000,
  4913,           0.9849130,      -19382.6030000,
  4914,           0.9849140,      -19381.9100000,
  4915,           0.9849150,      -19381.1800000,
  4916,           0.9849160,      -19380.5400000,
  4917,           0.9849170,      -19379.8140000,
  4918,           0.9849180,      -19379.1100000,
  4919,           0.9849190,      -19378.3900000,
  4920,           0.9849200,      -19377.7000000,
  4921,           0.9849210,      -19377.0300000,
  4922,           0.9849220,      -19376.3320000,
  4923,           0.9849230,      -19375.6000000,
  4924,           0.9849240,      -19374.9000000,
  4925,           0.9849250,      -19374.2400000,
  4926,           0.9849260,      -19373.5300000,
  4927,           0.9849270,      -19372.8020000,
  4928,           0.9849280,      -19372.1200000,
  4929,           0.9849290,      -19371.3730000,
  4930,           0.9849300,      -19370.7400000,
  4931,           0.9849310,      -19370.0130000,
  4932,           0.9849320,      -19369.3240000,
  4933,           0.9849330,      -19368.6100000,
  4934,           0.9849340,      -19367.9430000,
  4935,           0.9849350,      -19367.2100000,
  4936,           0.9849360,      -19366.5100000,
  4937,           0.9849370,      -19365.7900000,
  4938,           0.9849380,      -19365.1100000,
  4939,           0.9849390,      -19364.4200000,
  4940,           0.9849400,      -19363.7220000,
  4941,           0.9849410,      -19363.0010000,
  4942,           0.9849420,      -19362.3120000,
  4943,           0.9849430,      -19361.6200000,
  4944,           0.9849440,      -19360.9300000,
  4945,           0.9849450,      -19360.1910000,
  4946,           0.9849460,      -19359.5110000,
  4947,           0.9849470,      -19358.7900000,
  4948,           0.9849480,      -19358.1400000,
  4949,           0.9849490,      -19357.4200000,
  4950,           0.9849500,      -19356.7220000,
  4951,           0.9849510,      -19355.9900000,
  4952,           0.9849520,      -19355.3220000,
  4953,           0.9849530,      -19354.6210000,
  4954,           0.9849540,      -19353.9100000,
  4955,           0.9849550,      -19353.1930000,
  4956,           0.9849560,      -19352.5100000,
  4957,           0.9849570,      -19351.8200000,
  4958,           0.9849580,      -19351.1210000,
  4959,           0.9849590,      -19350.3800000,
  4960,           0.9849600,      -19349.7030000,
  4961,           0.9849610,      -19349.0200000,
  4962,           0.9849620,      -19348.3040000,
  4963,           0.9849630,      -19347.6000000,
  4964,           0.9849640,      -19346.8940000,
  4965,           0.9849650,      -19346.1910000,
  4966,           0.9849660,      -19345.5300000,
  4967,           0.9849670,      -19344.8000000,
  4968,           0.9849680,      -19344.1100000,
  4969,           0.9849690,      -19343.4140000,
  4970,           0.9849700,      -19342.7300000,
  4971,           0.9849710,      -19342.0310000,
  4972,           0.9849720,      -19341.3100000,
  4973,           0.9849730,      -19340.6200000,
  4974,           0.9849740,      -19339.8920000,
  4975,           0.9849750,      -19339.2400000,
  4976,           0.9849760,      -19426.5520000,
  4977,           0.9849770,      -19425.8600000,
  4978,           0.9849780,      -19425.1300000,
  4979,           0.9849790,      -19424.4740000,
  4980,           0.9849800,      -19423.7440000,
  4981,           0.9849810,      -19423.0520000,
  4982,           0.9849820,      -19422.3220000,
  4983,           0.9849830,      -19421.6500000,
  4984,           0.9849840,      -19420.9510000,
  4985,           0.9849850,      -19420.2600000,
  4986,           0.9849860,      -19419.5400000,
  4987,           0.9849870,      -19418.8300000,
  4988,           0.9849880,      -19418.1420000,
  4989,           0.9849890,      -19417.4500000,
  4990,           0.9849900,      -19416.7300000,
  4991,           0.9849910,      -19416.0410000,
  4992,           0.9849920,      -19415.3100000,
  4993,           0.9849930,      -19414.6400000,
  4994,           0.9849940,      -19413.9300000,
  4995,           0.9849950,      -19413.2300000,
  4996,           0.9849960,      -19412.5100000,
  4997,           0.9849970,      -19411.8500000,
  4998,           0.9849980,      -19411.1340000,
  4999,           0.9849990,      -19410.4400000,
  5000,           0.9850000,      -19409.7010000,
  5001,           0.9850010,      -19409.0100000,
  5002,           0.9850020,      -19408.3200000,
  5003,           0.9850030,      -19407.6240000,
  5004,           0.9850040,      -19406.9040000,
  5005,           0.9850050,      -19406.2300000,
  5006,           0.9850060,      -19405.5400000,
  5007,           0.9850070,      -19404.8300000,
  5008,           0.9850080,      -19404.1010000,
  5009,           0.9850090,      -19403.4140000,
  5010,           0.9850100,      -19402.6810000,
  5011,           0.9850110,      -19402.0300000,
  5012,           0.9850120,      -19401.2910000,
  5013,           0.9850130,      -19400.5910000,
  5014,           0.9850140,      -19399.8710000,
  5015,           0.9850150,      -19399.2000000,
  5016,           0.9850160,      -19398.4940000,
  5017,           0.9850170,      -19397.7900000,
  5018,           0.9850180,      -19397.0700000,
  5019,           0.9850190,      -19396.3700000,
  5020,           0.9850200,      -19395.6620000,
  5021,           0.9850210,      -19394.9800000,
  5022,           0.9850220,      -19394.2510000,
  5023,           0.9850230,      -19393.5500000,
  5024,           0.9850240,      -19392.8600000,
  5025,           0.9850250,      -19392.1800000,
  5026,           0.9850260,      -19391.4500000,
  5027,           0.9850270,      -19390.7300000,
  5028,           0.9850280,      -19390.0110000,
  5029,           0.9850290,      -19389.3630000,
  5030,           0.9850300,      -19388.6400000,
  5031,           0.9850310,      -19387.9300000,
  5032,           0.9850320,      -19387.2100000,
  5033,           0.9850330,      -19386.5500000,
  5034,           0.9850340,      -19385.8120000,
  5035,           0.9850350,      -19385.1300000,
  5036,           0.9850360,      -19384.3920000,
  5037,           0.9850370,      -19383.7000000,
  5038,           0.9850380,      -19383.0200000,
  5039,           0.9850390,      -19382.3240000,
  5040,           0.9850400,      -19381.5930000,
  5041,           0.9850410,      -19380.8920000,
  5042,           0.9850420,      -19380.2000000,
  5043,           0.9850430,      -19379.5000000,
  5044,           0.9850440,      -19378.7810000,
  5045,           0.9850450,      -19378.0900000,
  5046,           0.9850460,      -19377.3610000,
  5047,           0.9850470,      -19376.6910000,
  5048,           0.9850480,      -19375.9700000,
  5049,           0.9850490,      -19375.2700000,
  5050,           0.9850500,      -19374.5500000,
  5051,           0.9850510,      -19373.8800000,
  5052,           0.9850520,      -19373.1600000,
  5053,           0.9850530,      -19372.4510000,
  5054,           0.9850540,      -19371.7300000,
  5055,           0.9850550,      -19371.0100000,
  5056,           0.9850560,      -19370.3400000,
  5057,           0.9850570,      -19369.6320000,
  5058,           0.9850580,      -19456.9500000,
  5059,           0.9850590,      -19456.2500000,
  5060,           0.9850600,      -19455.5740000,
  5061,           0.9850610,      -19454.8600000,
  5062,           0.9850620,      -19454.1300000,
  5063,           0.9850630,      -19453.4300000,
  5064,           0.9850640,      -19452.7200000,
  5065,           0.9850650,      -19452.0540000,
  5066,           0.9850660,      -19451.3200000,
  5067,           0.9850670,      -19450.6110000,
  5068,           0.9850680,      -19449.9000000,
  5069,           0.9850690,      -19449.2300000,
  5070,           0.9850700,      -19448.5000000,
  5071,           0.9850710,      -19447.8100000,
  5072,           0.9850720,      -19447.0830000,
  5073,           0.9850730,      -19446.4100000,
  5074,           0.9850740,      -19445.6800000,
  5075,           0.9850750,      -19444.9900000,
  5076,           0.9850760,      -19444.2710000,
  5077,           0.9850770,      -19443.5600000,
  5078,           0.9850780,      -19442.8700000,
  5079,           0.9850790,      -19442.1800000,
  5080,           0.9850800,      -19441.4500000,
  5081,           0.9850810,      -19440.7400000,
  5082,           0.9850820,      -19440.0700000,
  5083,           0.9850830,      -19439.3610000,
  5084,           0.9850840,      -19438.6300000,
  5085,           0.9850850,      -19437.9310000,
  5086,           0.9850860,      -19437.2100000,
  5087,           0.9850870,      -19436.5600000,
  5088,           0.9850880,      -19435.8220000,
  5089,           0.9850890,      -19435.1500000,
  5090,           0.9850900,      -19434.4000000,
  5091,           0.9850910,      -19433.7500000,
  5092,           0.9850920,      -19433.0300000,
  5093,           0.9850930,      -19432.3200000,
  5094,           0.9850940,      -19431.5800000,
  5095,           0.9850950,      -19430.8800000,
  5096,           0.9850960,      -19430.1830000,
  5097,           0.9850970,      -19429.4840000,
  5098,           0.9850980,      -19428.7400000,
  5099,           0.9850990,      -19428.0330000,
  5100,           0.9851000,      -19427.3530000,
  5101,           0.9851010,      -19426.6400000,
  5102,           0.9851020,      -19425.9120000,
  5103,           0.9851030,      -19425.2200000,
  5104,           0.9851040,      -19424.4800000,
  5105,           0.9851050,      -19423.8140000,
  5106,           0.9851060,      -19423.1000000,
  5107,           0.9851070,      -19422.3800000,
  5108,           0.9851080,      -19421.6600000,
  5109,           0.9851090,      -19421.0200000,
  5110,           0.9851100,      -19420.2900000,
  5111,           0.9851110,      -19419.5700000,
  5112,           0.9851120,      -19418.8430000,
  5113,           0.9851130,      -19418.1500000,
  5114,           0.9851140,      -19417.4500000,
  5115,           0.9851150,      -19416.7420000,
  5116,           0.9851160,      -19416.0330000,
  5117,           0.9851170,      -19415.3300000,
  5118,           0.9851180,      -19414.6100000,
  5119,           0.9851190,      -19413.9200000,
  5120,           0.9851200,      -19413.1810000,
  5121,           0.9851210,      -19412.4700000,
  5122,           0.9851220,      -19411.7700000,
  5123,           0.9851230,      -19411.0910000,
  5124,           0.9851240,      -19410.3700000,
  5125,           0.9851250,      -19409.6600000,
  5126,           0.9851260,      -19408.9200000,
  5127,           0.9851270,      -19408.2600000,
  5128,           0.9851280,      -19407.5330000,
  5129,           0.9851290,      -19406.8330000,
  5130,           0.9851300,      -19406.1010000,
  5131,           0.9851310,      -19405.3920000,
  5132,           0.9851320,      -19404.6930000,
  5133,           0.9851330,      -19404.0000000,
  5134,           0.9851340,      -19403.2510000,
  5135,           0.9851350,      -19402.5500000,
  5136,           0.9851360,      -19401.8800000,
  5137,           0.9851370,      -19401.1640000,
  5138,           0.9851380,      -19400.4400000,
  5139,           0.9851390,      -19399.7100000,
  5140,           0.9851400,      -19399.0000000,
  5141,           0.9851410,      -19398.3200000,
  5142,           0.9851420,      -19397.6000000,
  5143,           0.9851430,      -19396.8800000,
  5144,           0.9851440,      -19396.1540000,
  5145,           0.9851450,      -19395.4800000,
  5146,           0.9851460,      -19394.7510000,
  5147,           0.9851470,      -19394.0400000,
  5148,           0.9851480,      -19393.3300000,
  5149,           0.9851490,      -19392.6110000,
  5150,           0.9851500,      -19391.9410000,
  5151,           0.9851510,      -19391.2200000,
  5152,           0.9851520,      -19478.5210000,
  5153,           0.9851530,      -19477.8120000,
  5154,           0.9851540,      -19477.1130000,
  5155,           0.9851550,      -19476.4100000,
  5156,           0.9851560,      -19475.6800000,
  5157,           0.9851570,      -19474.9700000,
  5158,           0.9851580,      -19474.2400000,
  5159,           0.9851590,      -19473.5800000,
  5160,           0.9851600,      -19472.8320000,
  5161,           0.9851610,      -19472.1200000,
  5162,           0.9851620,      -19471.3900000,
  5163,           0.9851630,      -19470.7400000,
  5164,           0.9851640,      -19470.0000000,
  5165,           0.9851650,      -19469.2900000,
  5166,           0.9851660,      -19468.5640000,
  5167,           0.9851670,      -19467.8600000,
  5168,           0.9851680,      -19467.1600000,
  5169,           0.9851690,      -19466.4700000,
  5170,           0.9851700,      -19465.7300000,
  5171,           0.9851710,      -19465.0310000,
  5172,           0.9851720,      -19464.3400000,
  5173,           0.9851730,      -19463.6210000,
  5174,           0.9851740,      -19462.9000000,
  5175,           0.9851750,      -19462.2100000,
  5176,           0.9851760,      -19461.4700000,
  5177,           0.9851770,      -19460.7630000,
  5178,           0.9851780,      -19460.0540000,
  5179,           0.9851790,      -19459.3510000,
  5180,           0.9851800,      -19458.6200000,
  5181,           0.9851810,      -19457.9430000,
  5182,           0.9851820,      -19457.2120000,
  5183,           0.9851830,      -19456.5200000,
  5184,           0.9851840,      -19455.7920000,
  5185,           0.9851850,      -19455.0700000,
  5186,           0.9851860,      -19454.3820000,
  5187,           0.9851870,      -19453.6700000,
  5188,           0.9851880,      -19452.9310000,
  5189,           0.9851890,      -19452.2400000,
  5190,           0.9851900,      -19451.5400000,
  5191,           0.9851910,      -19450.8300000,
  5192,           0.9851920,      -19450.1000000,
  5193,           0.9851930,      -19449.3940000,
  5194,           0.9851940,      -19448.6700000,
  5195,           0.9851950,      -19447.9900000,
  5196,           0.9851960,      -19447.2700000,
  5197,           0.9851970,      -19446.5540000,
  5198,           0.9851980,      -19445.8300000,
  5199,           0.9851990,      -19445.1520000,
  5200,           0.9852000,      -19444.4300000,
  5201,           0.9852010,      -19443.7200000,
  5202,           0.9852020,      -19442.9900000,
  5203,           0.9852030,      -19442.2900000,
  5204,           0.9852040,      -19441.5930000,
  5205,           0.9852050,      -19440.8800000,
  5206,           0.9852060,      -19440.1700000,
  5207,           0.9852070,      -19439.4740000,
  5208,           0.9852080,      -19438.7810000,
  5209,           0.9852090,      -19438.0600000,
  5210,           0.9852100,      -19437.3200000,
  5211,           0.9852110,      -19436.6200000,
  5212,           0.9852120,      -19435.9000000,
  5213,           0.9852130,      -19435.2120000,
  5214,           0.9852140,      -19434.4800000,
  5215,           0.9852150,      -19433.7610000,
  5216,           0.9852160,      -19433.0400000,
  5217,           0.9852170,      -19432.3800000,
  5218,           0.9852180,      -19431.6420000,
  5219,           0.9852190,      -19430.9400000,
  5220,           0.9852200,      -19430.2100000,
  5221,           0.9852210,      -19429.5010000,
  5222,           0.9852220,      -19428.8220000,
  5223,           0.9852230,      -19428.1000000,
  5224,           0.9852240,      -19427.3800000,
  5225,           0.9852250,      -19426.6800000,
  5226,           0.9852260,      -19425.9900000,
  5227,           0.9852270,      -19425.2800000,
  5228,           0.9852280,      -19424.5520000,
  5229,           0.9852290,      -19423.8500000,
  5230,           0.9852300,      -19423.1030000,
  5231,           0.9852310,      -19422.4100000,
  5232,           0.9852320,      -19421.6910000,
  5233,           0.9852330,      -19420.9700000,
  5234,           0.9852340,      -19420.2500000,
  5235,           0.9852350,      -19419.5720000,
  5236,           0.9852360,      -19418.8600000,
  5237,           0.9852370,      -19418.1110000,
  5238,           0.9852380,      -19417.4200000,
  5239,           0.9852390,      -19416.6800000,
  5240,           0.9852400,      -19416.0400000,
  5241,           0.9852410,      -19415.2910000,
  5242,           0.9852420,      -19414.5800000,
  5243,           0.9852430,      -19413.8530000,
  5244,           0.9852440,      -19413.2000000,
  5245,           0.9852450,      -19412.4500000,
  5246,           0.9852460,      -19411.7400000,
  5247,           0.9852470,      -19411.0030000,
  5248,           0.9852480,      -19410.3100000,
  5249,           0.9852490,      -19409.6200000,
  5250,           0.9852500,      -19408.9000000,
  5251,           0.9852510,      -19408.1710000,
  5252,           0.9852520,      -19407.4510000,
  5253,           0.9852530,      -19406.7700000,
  5254,           0.9852540,      -19406.0700000,
  5255,           0.9852550,      -19405.3500000,
  5256,           0.9852560,      -19404.6300000,
  5257,           0.9852570,      -19403.8900000,
  5258,           0.9852580,      -19403.2300000,
  5259,           0.9852590,      -19402.5030000,
  5260,           0.9852600,      -19401.8000000,
  5261,           0.9852610,      -19401.0640000,
  5262,           0.9852620,      -19400.4000000,
  5263,           0.9852630,      -19399.6500000,
  5264,           0.9852640,      -19398.9500000,
  5265,           0.9852650,      -19398.2120000,
  5266,           0.9852660,      -19397.5540000,
  5267,           0.9852670,      -19396.8200000,
  5268,           0.9852680,      -19396.1200000,
  5269,           0.9852690,      -19395.3800000,
  5270,           0.9852700,      -19394.6900000,
  5271,           0.9852710,      -19393.9920000,
  5272,           0.9852720,      -19393.2830000,
  5273,           0.9852730,      -19392.5440000,
  5274,           0.9852740,      -19391.8410000,
  5275,           0.9852750,      -19391.1500000,
  5276,           0.9852760,      -19390.4200000,
  5277,           0.9852770,      -19389.7100000,
  5278,           0.9852780,      -19388.9900000,
  5279,           0.9852790,      -19388.2700000,
  5280,           0.9852800,      -19387.5830000,
  5281,           0.9852810,      -19386.8530000,
  5282,           0.9852820,      -19386.1600000,
  5283,           0.9852830,      -19385.4210000,
  5284,           0.9852840,      -19384.7700000,
  5285,           0.9852850,      -19384.0230000,
  5286,           0.9852860,      -19383.3300000,
  5287,           0.9852870,      -19382.5800000,
  5288,           0.9852880,      -19381.8800000,
  5289,           0.9852890,      -19381.1710000,
  5290,           0.9852900,      -19380.4720000,
  5291,           0.9852910,      -19379.7500000,
  5292,           0.9852920,      -19379.0300000,
  5293,           0.9852930,      -19378.3300000,
  5294,           0.9852940,      -19377.6500000,
  5295,           0.9852950,      -19376.9000000,
  5296,           0.9852960,      -19376.1830000,
  5297,           0.9852970,      -19375.4500000,
  5298,           0.9852980,      -19374.7810000,
  5299,           0.9852990,      -19374.0600000,
  5300,           0.9853000,      -19373.3600000,
  5301,           0.9853010,      -19372.6210000,
  5302,           0.9853020,      -19371.9510000,
  5303,           0.9853030,      -19371.2300000,
  5304,           0.9853040,      -19370.5400000,
  5305,           0.9853050,      -19369.7900000,
  5306,           0.9853060,      -19369.0640000,
  5307,           0.9853070,      -19368.3800000,
  5308,           0.9853080,      -19367.6600000,
  5309,           0.9853090,      -19366.9410000,
  5310,           0.9853100,      -19366.2320000,
  5311,           0.9853110,      -19365.5330000,
  5312,           0.9853120,      -19452.8700000,
  5313,           0.9853130,      -19452.1230000,
  5314,           0.9853140,      -19451.4200000,
  5315,           0.9853150,      -19450.7000000,
  5316,           0.9853160,      -19450.0100000,
  5317,           0.9853170,      -19449.3100000,
  5318,           0.9853180,      -19448.5720000,
  5319,           0.9853190,      -19447.8700000,
  5320,           0.9853200,      -19447.1520000,
  5321,           0.9853210,      -19446.4200000,
  5322,           0.9853220,      -19445.7200000,
  5323,           0.9853230,      -19445.0100000,
  5324,           0.9853240,      -19444.2810000,
  5325,           0.9853250,      -19443.6210000,
  5326,           0.9853260,      -19442.8800000,
  5327,           0.9853270,      -19442.1700000,
  5328,           0.9853280,      -19441.4210000,
  5329,           0.9853290,      -19440.7600000,
  5330,           0.9853300,      -19440.0300000,
  5331,           0.9853310,      -19439.3100000,
  5332,           0.9853320,      -19438.5800000,
  5333,           0.9853330,      -19437.8530000,
  5334,           0.9853340,      -19437.1730000,
  5335,           0.9853350,      -19436.4530000,
  5336,           0.9853360,      -19435.7030000,
  5337,           0.9853370,      -19435.0000000,
  5338,           0.9853380,      -19434.3140000,
  5339,           0.9853390,      -19433.5900000,
  5340,           0.9853400,      -19432.8800000,
  5341,           0.9853410,      -19432.1500000,
  5342,           0.9853420,      -19431.4140000,
  5343,           0.9853430,      -19430.7600000,
  5344,           0.9853440,      -19430.0300000,
  5345,           0.9853450,      -19429.3040000,
  5346,           0.9853460,      -19428.5900000,
  5347,           0.9853470,      -19427.9040000,
  5348,           0.9853480,      -19427.1600000,
  5349,           0.9853490,      -19426.4600000,
  5350,           0.9853500,      -19425.7100000,
  5351,           0.9853510,      -19425.0200000,
  5352,           0.9853520,      -19424.3220000,
  5353,           0.9853530,      -19423.6110000,
  5354,           0.9853540,      -19422.8600000,
  5355,           0.9853550,      -19422.1640000,
  5356,           0.9853560,      -19421.4600000,
  5357,           0.9853570,      -19420.7700000,
  5358,           0.9853580,      -19420.0400000,
  5359,           0.9853590,      -19419.3020000,
  5360,           0.9853600,      -19418.5620000,
  5361,           0.9853610,      -19417.8940000,
  5362,           0.9853620,      -19417.1700000,
  5363,           0.9853630,      -19416.4400000,
  5364,           0.9853640,      -19415.7140000,
  5365,           0.9853650,      -19415.0520000,
  5366,           0.9853660,      -19414.3140000,
  5367,           0.9853670,      -19413.6000000,
  5368,           0.9853680,      -19412.8600000,
  5369,           0.9853690,      -19412.1640000,
  5370,           0.9853700,      -19411.4840000,
  5371,           0.9853710,      -19410.7500000,
  5372,           0.9853720,      -19410.0200000,
  5373,           0.9853730,      -19409.2900000,
  5374,           0.9853740,      -19408.6130000,
  5375,           0.9853750,      -19407.9100000,
  5376,           0.9853760,      -19407.1620000,
  5377,           0.9853770,      -19494.4410000,
  5378,           0.9853780,      -19493.7420000,
  5379,           0.9853790,      -19493.0600000,
  5380,           0.9853800,      -19492.3400000,
  5381,           0.9853810,      -19491.6130000,
  5382,           0.9853820,      -19490.9000000,
  5383,           0.9853830,      -19490.2140000,
  5384,           0.9853840,      -19489.4920000,
  5385,           0.9853850,      -19488.7710000,
  5386,           0.9853860,      -19488.0600000,
  5387,           0.9853870,      -19487.3100000,
  5388,           0.9853880,      -19486.6440000,
  5389,           0.9853890,      -19485.9200000,
  5390,           0.9853900,      -19485.1900000,
  5391,           0.9853910,      -19484.4840000,
  5392,           0.9853920,      -19483.8140000,
  5393,           0.9853930,      -19483.0700000,
  5394,           0.9853940,      -19482.3500000,
  5395,           0.9853950,      -19481.6230000,
  5396,           0.9853960,      -19480.9100000,
  5397,           0.9853970,      -19480.2100000,
  5398,           0.9853980,      -19479.4900000,
  5399,           0.9853990,      -19478.7610000,
  5400,           0.9854000,      -19478.0400000,
  5401,           0.9854010,      -19477.3600000,
  5402,           0.9854020,      -19476.6300000,
  5403,           0.9854030,      -19475.8800000,
  5404,           0.9854040,      -19475.2030000,
  5405,           0.9854050,      -19474.4530000,
  5406,           0.9854060,      -19473.8000000,
  5407,           0.9854070,      -19473.0720000,
  5408,           0.9854080,      -19472.3400000,
  5409,           0.9854090,      -19471.6000000,
  5410,           0.9854100,      -19470.9330000,
  5411,           0.9854110,      -19470.2000000,
  5412,           0.9854120,      -19469.4840000,
  5413,           0.9854130,      -19468.7500000,
  5414,           0.9854140,      -19468.0400000,
  5415,           0.9854150,      -19467.3400000,
  5416,           0.9854160,      -19466.6240000,
  5417,           0.9854170,      -19465.9000000,
  5418,           0.9854180,      -19465.2000000,
  5419,           0.9854190,      -19464.4840000,
  5420,           0.9854200,      -19463.7700000,
  5421,           0.9854210,      -19463.0500000,
  5422,           0.9854220,      -19462.3400000,
  5423,           0.9854230,      -19461.6000000,
  5424,           0.9854240,      -19460.9410000,
  5425,           0.9854250,      -19460.2100000,
  5426,           0.9854260,      -19459.4740000,
  5427,           0.9854270,      -19458.7440000,
  5428,           0.9854280,      -19458.0720000,
  5429,           0.9854290,      -19457.3430000,
  5430,           0.9854300,      -19456.6300000,
  5431,           0.9854310,      -19455.9310000,
  5432,           0.9854320,      -19455.1800000,
  5433,           0.9854330,      -19454.5000000,
  5434,           0.9854340,      -19453.7600000,
  5435,           0.9854350,      -19453.0600000,
  5436,           0.9854360,      -19452.3100000,
  5437,           0.9854370,      -19451.6400000,
  5438,           0.9854380,      -19450.9040000,
  5439,           0.9854390,      -19450.1900000,
  5440,           0.9854400,      -19449.4700000,
  5441,           0.9854410,      -19448.7510000,
  5442,           0.9854420,      -19448.0600000,
  5443,           0.9854430,      -19447.3300000,
  5444,           0.9854440,      -19446.6100000,
  5445,           0.9854450,      -19445.8900000,
  5446,           0.9854460,      -19445.2000000,
  5447,           0.9854470,      -19444.4800000,
  5448,           0.9854480,      -19443.7400000,
  5449,           0.9854490,      -19443.0400000,
  5450,           0.9854500,      -19442.3020000,
  5451,           0.9854510,      -19441.6400000,
  5452,           0.9854520,      -19440.8940000,
  5453,           0.9854530,      -19440.1800000,
  5454,           0.9854540,      -19439.4510000,
  5455,           0.9854550,      -19438.7730000,
  5456,           0.9854560,      -19438.0130000,
  5457,           0.9854570,      -19437.3200000,
  5458,           0.9854580,      -19436.5720000,
  5459,           0.9854590,      -19435.8800000,
  5460,           0.9854600,      -19435.1810000,
  5461,           0.9854610,      -19434.4700000,
  5462,           0.9854620,      -19433.7320000,
  5463,           0.9854630,      -19433.0300000,
  5464,           0.9854640,      -19432.3400000,
  5465,           0.9854650,      -19431.6130000,
  5466,           0.9854660,      -19430.8900000,
  5467,           0.9854670,      -19430.1700000,
  5468,           0.9854680,      -19429.4820000,
  5469,           0.9854690,      -19428.7340000,
  5470,           0.9854700,      -19428.0500000,
  5471,           0.9854710,      -19427.2940000,
  5472,           0.9854720,      -19426.6000000,
  5473,           0.9854730,      -19425.8900000,
  5474,           0.9854740,      -19425.1900000,
  5475,           0.9854750,      -19424.4430000,
  5476,           0.9854760,      -19423.7400000,
  5477,           0.9854770,      -19423.0500000,
  5478,           0.9854780,      -19422.3300000,
  5479,           0.9854790,      -19421.5830000,
  5480,           0.9854800,      -19420.8800000,
  5481,           0.9854810,      -19420.1210000,
  5482,           0.9854820,      -19419.4720000,
  5483,           0.9854830,      -19418.7420000,
  5484,           0.9854840,      -19418.0300000,
  5485,           0.9854850,      -19417.2900000,
  5486,           0.9854860,      -19416.5900000,
  5487,           0.9854870,      -19415.8500000,
  5488,           0.9854880,      -19415.1540000,
  5489,           0.9854890,      -19414.4120000,
  5490,           0.9854900,      -19413.7100000,
  5491,           0.9854910,      -19413.0300000,
  5492,           0.9854920,      -19412.3000000,
  5493,           0.9854930,      -19411.5500000,
  5494,           0.9854940,      -19410.8700000,
  5495,           0.9854950,      -19410.1800000,
  5496,           0.9854960,      -19409.4620000,
  5497,           0.9854970,      -19408.7320000,
  5498,           0.9854980,      -19407.9940000,
  5499,           0.9854990,      -19407.2800000,
  5500,           0.9855000,      -19406.5910000,
  5501,           0.9855010,      -19405.8630000,
  5502,           0.9855020,      -19405.1540000,
  5503,           0.9855030,      -19404.4200000,
  5504,           0.9855040,      -19403.7510000,
  5505,           0.9855050,      -19403.0200000,
  5506,           0.9855060,      -19402.2940000,
  5507,           0.9855070,      -19401.5700000,
  5508,           0.9855080,      -19400.8200000,
  5509,           0.9855090,      -19400.1400000,
  5510,           0.9855100,      -19399.4100000,
  5511,           0.9855110,      -19398.7000000,
  5512,           0.9855120,      -19397.9400000,
  5513,           0.9855130,      -19397.2700000,
  5514,           0.9855140,      -19396.5400000,
  5515,           0.9855150,      -19395.8200000,
  5516,           0.9855160,      -19395.0830000,
  5517,           0.9855170,      -19394.3700000,
  5518,           0.9855180,      -19393.6600000,
  5519,           0.9855190,      -19392.9530000,
  5520,           0.9855200,      -19392.2100000,
  5521,           0.9855210,      -19391.4800000,
  5522,           0.9855220,      -19390.7910000,
  5523,           0.9855230,      -19390.0900000,
  5524,           0.9855240,      -19389.3330000,
  5525,           0.9855250,      -19388.6340000,
  5526,           0.9855260,      -19387.8900000,
  5527,           0.9855270,      -19387.2220000,
  5528,           0.9855280,      -19386.4600000,
  5529,           0.9855290,      -19385.7400000,
  5530,           0.9855300,      -19385.0000000,
  5531,           0.9855310,      -19384.3600000,
  5532,           0.9855320,      -19383.6100000,
  5533,           0.9855330,      -19382.9000000,
  5534,           0.9855340,      -19382.1600000,
  5535,           0.9855350,      -19381.4500000,
  5536,           0.9855360,      -19380.7500000,
  5537,           0.9855370,      -19380.0400000,
  5538,           0.9855380,      -19379.2900000,
  5539,           0.9855390,      -19378.5700000,
  5540,           0.9855400,      -19377.8800000,
  5541,           0.9855410,      -19377.1640000,
  5542,           0.9855420,      -19376.4300000,
  5543,           0.9855430,      -19375.6710000,
  5544,           0.9855440,      -19374.9800000,
  5545,           0.9855450,      -19374.2710000,
  5546,           0.9855460,      -19373.5800000,
  5547,           0.9855470,      -19372.8320000,
  5548,           0.9855480,      -19372.0900000,
  5549,           0.9855490,      -19371.4200000,
  5550,           0.9855500,      -19370.7100000,
  5551,           0.9855510,      -19369.9600000,
  5552,           0.9855520,      -19369.2420000,
  5553,           0.9855530,      -19368.5000000,
  5554,           0.9855540,      -19367.8400000,
  5555,           0.9855550,      -19367.1000000,
  5556,           0.9855560,      -19366.3900000,
  5557,           0.9855570,      -19365.6500000,
  5558,           0.9855580,      -19364.9800000,
  5559,           0.9855590,      -19364.2200000,
  5560,           0.9855600,      -19363.5100000,
  5561,           0.9855610,      -19362.7600000,
  5562,           0.9855620,      -19362.0620000,
  5563,           0.9855630,      -19361.3500000,
  5564,           0.9855640,      -19360.6300000,
  5565,           0.9855650,      -19359.9000000,
  5566,           0.9855660,      -19359.1900000,
  5567,           0.9855670,      -19358.4800000,
  5568,           0.9855680,      -19357.7730000,
  5569,           0.9855690,      -19357.0400000,
  5570,           0.9855700,      -19356.3320000,
  5571,           0.9855710,      -19355.5900000,
  5572,           0.9855720,      -19354.9120000,
  5573,           0.9855730,      -19354.1710000,
  5574,           0.9855740,      -19353.4600000,
  5575,           0.9855750,      -19352.7300000,
  5576,           0.9855760,      -19352.0300000,
  5577,           0.9855770,      -19351.2940000,
  5578,           0.9855780,      -19350.5540000,
  5579,           0.9855790,      -19349.8410000,
  5580,           0.9855800,      -19349.1030000,
  5581,           0.9855810,      -19348.4410000,
  5582,           0.9855820,      -19347.7000000,
  5583,           0.9855830,      -19346.9800000,
  5584,           0.9855840,      -19346.2340000,
  5585,           0.9855850,      -19345.5600000,
  5586,           0.9855860,      -19344.8200000,
  5587,           0.9855870,      -19344.1200000,
  5588,           0.9855880,      -19343.3800000,
  5589,           0.9855890,      -19342.6540000,
  5590,           0.9855900,      -19429.9900000,
  5591,           0.9855910,      -19429.2700000,
  5592,           0.9855920,      -19428.5420000,
  5593,           0.9855930,      -19427.8200000,
  5594,           0.9855940,      -19427.1200000,
  5595,           0.9855950,      -19426.3940000,
  5596,           0.9855960,      -19425.6700000,
  5597,           0.9855970,      -19424.9510000,
  5598,           0.9855980,      -19424.2200000,
  5599,           0.9855990,      -19423.5500000,
  5600,           0.9856000,      -19422.8120000,
  5601,           0.9856010,      -19422.1030000,
  5602,           0.9856020,      -19421.3600000,
  5603,           0.9856030,      -19420.6810000,
  5604,           0.9856040,      -19419.9330000,
  5605,           0.9856050,      -19419.2000000,
  5606,           0.9856060,      -19418.4800000,
  5607,           0.9856070,      -19417.7420000,
  5608,           0.9856080,      -19417.0600000,
  5609,           0.9856090,      -19416.3200000,
  5610,           0.9856100,      -19415.6130000,
  5611,           0.9856110,      -19414.8700000,
  5612,           0.9856120,      -19414.2220000,
  5613,           0.9856130,      -19413.4530000,
  5614,           0.9856140,      -19412.7400000,
  5615,           0.9856150,      -19500.0440000,
  5616,           0.9856160,      -19499.3240000,
  5617,           0.9856170,      -19498.6300000,
  5618,           0.9856180,      -19497.9200000,
  5619,           0.9856190,      -19497.1800000,
  5620,           0.9856200,      -19496.4500000,
  5621,           0.9856210,      -19495.7530000,
  5622,           0.9856220,      -19495.0500000,
  5623,           0.9856230,      -19486.7910000,
  5624,           0.9856240,      -19486.0820000,
  5625,           0.9856250,      -19485.3510000,
  5626,           0.9856260,      -19484.6900000,
  5627,           0.9856270,      -19483.9400000,
  5628,           0.9856280,      -19483.2120000,
  5629,           0.9856290,      -19482.4840000,
  5630,           0.9856300,      -19481.8040000,
  5631,           0.9856310,      -19481.0740000,
  5632,           0.9856320,      -19480.3400000,
  5633,           0.9856330,      -19479.6010000,
  5634,           0.9856340,      -19478.8730000,
  5635,           0.9856350,      -19478.1900000,
  5636,           0.9856360,      -19477.4530000,
  5637,           0.9856370,      -19476.7400000,
  5638,           0.9856380,      -19476.0000000,
  5639,           0.9856390,      -19475.3140000,
  5640,           0.9856400,      -19474.5900000,
  5641,           0.9856410,      -19465.8740000,
  5642,           0.9856420,      -19465.1300000,
  5643,           0.9856430,      -19464.4200000,
  5644,           0.9856440,      -19463.7300000,
  5645,           0.9856450,      -19463.0000000,
  5646,           0.9856460,      -19462.2610000,
  5647,           0.9856470,      -19461.5420000,
  5648,           0.9856480,      -19460.8500000,
  5649,           0.9856490,      -19460.1300000,
  5650,           0.9856500,      -19459.3800000,
  5651,           0.9856510,      -19458.6700000,
  5652,           0.9856520,      -19457.9600000,
  5653,           0.9856530,      -19457.2710000,
  5654,           0.9856540,      -19456.5420000,
  5655,           0.9856550,      -19455.8200000,
  5656,           0.9856560,      -19455.0900000,
  5657,           0.9856570,      -19454.4000000,
  5658,           0.9856580,      -19453.6600000,
  5659,           0.9856590,      -19452.9430000,
  5660,           0.9856600,      -19452.2000000,
  5661,           0.9856610,      -19451.5010000,
  5662,           0.9856620,      -19450.7900000,
  5663,           0.9856630,      -19450.0500000,
  5664,           0.9856640,      -19449.3300000,
  5665,           0.9856650,      -19448.5900000,
  5666,           0.9856660,      -19447.9100000,
  5667,           0.9856670,      -19447.1600000,
  5668,           0.9856680,      -19446.4600000,
  5669,           0.9856690,      -19445.7200000,
  5670,           0.9856700,      -19445.0500000,
  5671,           0.9856710,      -19444.3120000,
  5672,           0.9856720,      -19443.5900000,
  5673,           0.9856730,      -19442.8500000,
  5674,           0.9856740,      -19442.1230000,
  5675,           0.9856750,      -19441.4330000,
  5676,           0.9856760,      -19440.7200000,
  5677,           0.9856770,      -19439.9900000,
  5678,           0.9856780,      -19439.2700000,
  5679,           0.9856790,      -19438.5700000,
  5680,           0.9856800,      -19437.8410000,
  5681,           0.9856810,      -19437.1210000,
  5682,           0.9856820,      -19436.3900000,
  5683,           0.9856830,      -19435.6500000,
  5684,           0.9856840,      -19434.9740000,
  5685,           0.9856850,      -19434.2500000,
  5686,           0.9856860,      -19433.5300000,
  5687,           0.9856870,      -19432.7830000,
  5688,           0.9856880,      -19432.0900000,
  5689,           0.9856890,      -19431.3630000,
  5690,           0.9856900,      -19430.6300000,
  5691,           0.9856910,      -19429.9310000,
  5692,           0.9856920,      -19429.1810000,
  5693,           0.9856930,      -19428.5100000,
  5694,           0.9856940,      -19427.7700000,
  5695,           0.9856950,      -19427.0400000,
  5696,           0.9856960,      -19426.3000000,
  5697,           0.9856970,      -19425.6210000,
  5698,           0.9856980,      -19424.9000000,
  5699,           0.9856990,      -19424.1830000,
  5700,           0.9857000,      -19423.4210000,
  5701,           0.9857010,      -19422.7100000,
  5702,           0.9857020,      -19422.0100000,
  5703,           0.9857030,      -19421.2900000,
  5704,           0.9857040,      -19420.5440000,
  5705,           0.9857050,      -19419.8320000,
  5706,           0.9857060,      -19419.1300000,
  5707,           0.9857070,      -19418.4300000,
  5708,           0.9857080,      -19417.6700000,
  5709,           0.9857090,      -19416.9500000,
  5710,           0.9857100,      -19416.2140000,
  5711,           0.9857110,      -19415.5400000,
  5712,           0.9857120,      -19414.8100000,
  5713,           0.9857130,      -19414.0500000,
  5714,           0.9857140,      -19413.3400000,
  5715,           0.9857150,      -19412.6500000,
  5716,           0.9857160,      -19411.9300000,
  5717,           0.9857170,      -19411.1900000,
  5718,           0.9857180,      -19410.4720000,
  5719,           0.9857190,      -19409.7200000,
  5720,           0.9857200,      -19409.0520000,
  5721,           0.9857210,      -19408.3300000,
  5722,           0.9857220,      -19407.6100000,
  5723,           0.9857230,      -19406.8500000,
  5724,           0.9857240,      -19406.1810000,
  5725,           0.9857250,      -19405.4230000,
  5726,           0.9857260,      -19404.7300000,
  5727,           0.9857270,      -19403.9900000,
  5728,           0.9857280,      -19403.2630000,
  5729,           0.9857290,      -19402.5640000,
  5730,           0.9857300,      -19401.8600000,
  5731,           0.9857310,      -19401.1200000,
  5732,           0.9857320,      -19400.3800000,
  5733,           0.9857330,      -19399.6900000,
  5734,           0.9857340,      -19398.9700000,
  5735,           0.9857350,      -19398.2220000,
  5736,           0.9857360,      -19397.4900000,
  5737,           0.9857370,      -19396.7900000,
  5738,           0.9857380,      -19396.0700000,
  5739,           0.9857390,      -19395.3600000,
  5740,           0.9857400,      -19394.6300000,
  5741,           0.9857410,      -19393.8900000,
  5742,           0.9857420,      -19393.2000000,
  5743,           0.9857430,      -19392.4900000,
  5744,           0.9857440,      -19391.7300000,
  5745,           0.9857450,      -19391.0210000,
  5746,           0.9857460,      -19390.2810000,
  5747,           0.9857470,      -19389.6100000,
  5748,           0.9857480,      -19388.8610000,
  5749,           0.9857490,      -19388.1600000,
  5750,           0.9857500,      -19387.4100000,
  5751,           0.9857510,      -19386.7440000,
  5752,           0.9857520,      -19386.0100000,
  5753,           0.9857530,      -19385.2900000,
  5754,           0.9857540,      -19384.5500000,
  5755,           0.9857550,      -19383.8300000,
  5756,           0.9857560,      -19383.1230000,
  5757,           0.9857570,      -19382.4020000,
  5758,           0.9857580,      -19381.6600000,
  5759,           0.9857590,      -19380.9100000,
  5760,           0.9857600,      -19380.2200000,
  5761,           0.9857610,      -19379.5030000,
  5762,           0.9857620,      -19378.7920000,
  5763,           0.9857630,      -19378.0500000,
  5764,           0.9857640,      -19377.3200000,
  5765,           0.9857650,      -19376.6210000,
  5766,           0.9857660,      -19375.9020000,
  5767,           0.9857670,      -19375.1730000,
  5768,           0.9857680,      -19374.4600000,
  5769,           0.9857690,      -19373.7510000,
  5770,           0.9857700,      -19373.0230000,
  5771,           0.9857710,      -19460.3020000,
  5772,           0.9857720,      -19459.5900000,
  5773,           0.9857730,      -19458.8500000,
  5774,           0.9857740,      -19450.4720000,
  5775,           0.9857750,      -19449.7510000,
  5776,           0.9857760,      -19449.0230000,
  5777,           0.9857770,      -19448.3000000,
  5778,           0.9857780,      -19447.6200000,
  5779,           0.9857790,      -19446.8700000,
  5780,           0.9857800,      -19446.1540000,
  5781,           0.9857810,      -19445.4000000,
  5782,           0.9857820,      -19444.6600000,
  5783,           0.9857830,      -19444.0200000,
  5784,           0.9857840,      -19443.2600000,
  5785,           0.9857850,      -19442.5500000,
  5786,           0.9857860,      -19441.8140000,
  5787,           0.9857870,      -19441.1300000,
  5788,           0.9857880,      -19440.3800000,
  5789,           0.9857890,      -19439.6420000,
  5790,           0.9857900,      -19438.9100000,
  5791,           0.9857910,      -19438.2100000,
  5792,           0.9857920,      -19437.5100000,
  5793,           0.9857930,      -19436.7920000,
  5794,           0.9857940,      -19436.0500000,
  5795,           0.9857950,      -19435.3200000,
  5796,           0.9857960,      -19434.6130000,
  5797,           0.9857970,      -19433.9100000,
  5798,           0.9857980,      -19433.1520000,
  5799,           0.9857990,      -19432.4500000,
  5800,           0.9858000,      -19431.7140000,
  5801,           0.9858010,      -19431.0300000,
  5802,           0.9858020,      -19430.2700000,
  5803,           0.9858030,      -19429.5210000,
  5804,           0.9858040,      -19428.8200000,
  5805,           0.9858050,      -19428.1230000,
  5806,           0.9858060,      -19427.4040000,
  5807,           0.9858070,      -19426.6700000,
  5808,           0.9858080,      -19425.9600000,
  5809,           0.9858090,      -19425.2030000,
  5810,           0.9858100,      -19424.5210000,
  5811,           0.9858110,      -19423.7700000,
  5812,           0.9858120,      -19423.0700000,
  5813,           0.9858130,      -19422.3220000,
  5814,           0.9858140,      -19421.6440000,
  5815,           0.9858150,      -19420.9000000,
  5816,           0.9858160,      -19420.1730000,
  5817,           0.9858170,      -19419.4500000,
  5818,           0.9858180,      -19418.7200000,
  5819,           0.9858190,      -19418.0030000,
  5820,           0.9858200,      -19417.2940000,
  5821,           0.9858210,      -19416.5600000,
  5822,           0.9858220,      -19415.8600000,
  5823,           0.9858230,      -19407.1110000,
  5824,           0.9858240,      -19406.3700000,
  5825,           0.9858250,      -19405.6520000,
  5826,           0.9858260,      -19404.9040000,
  5827,           0.9858270,      -19404.1930000,
  5828,           0.9858280,      -19403.4920000,
  5829,           0.9858290,      -19402.7810000,
  5830,           0.9858300,      -19402.0300000,
  5831,           0.9858310,      -19401.2900000,
  5832,           0.9858320,      -19400.5910000,
  5833,           0.9858330,      -19399.9000000,
  5834,           0.9858340,      -19399.1500000,
  5835,           0.9858350,      -19398.4310000,
  5836,           0.9858360,      -19397.7100000,
  5837,           0.9858370,      -19397.0200000,
  5838,           0.9858380,      -19396.2700000,
  5839,           0.9858390,      -19395.5500000,
  5840,           0.9858400,      -19394.7830000,
  5841,           0.9858410,      -19394.1320000,
  5842,           0.9858420,      -19393.3900000,
  5843,           0.9858430,      -19392.6620000,
  5844,           0.9858440,      -19391.9200000,
  5845,           0.9858450,      -19391.2100000,
  5846,           0.9858460,      -19390.5200000,
  5847,           0.9858470,      -19389.7700000,
  5848,           0.9858480,      -19389.0400000,
  5849,           0.9858490,      -19388.3040000,
  5850,           0.9858500,      -19387.6300000,
  5851,           0.9858510,      -19386.8820000,
  5852,           0.9858520,      -19386.1700000,
  5853,           0.9858530,      -19385.4100000,
  5854,           0.9858540,      -19384.6900000,
  5855,           0.9858550,      -19383.9820000,
  5856,           0.9858560,      -19383.2700000,
  5857,           0.9858570,      -19382.5200000,
  5858,           0.9858580,      -19381.8100000,
  5859,           0.9858590,      -19381.1100000,
  5860,           0.9858600,      -19380.3840000,
  5861,           0.9858610,      -19379.6400000,
  5862,           0.9858620,      -19378.9300000,
  5863,           0.9858630,      -19378.2440000,
  5864,           0.9858640,      -19377.4900000,
  5865,           0.9858650,      -19376.7700000,
  5866,           0.9858660,      -19376.0230000,
  5867,           0.9858670,      -19375.3000000,
  5868,           0.9858680,      -19374.5900000,
  5869,           0.9858690,      -19373.8800000,
  5870,           0.9858700,      -19373.1210000,
  5871,           0.9858710,      -19372.4000000,
  5872,           0.9858720,      -19371.7140000,
  5873,           0.9858730,      -19370.9800000,
  5874,           0.9858740,      -19370.2220000,
  5875,           0.9858750,      -19369.5010000,
  5876,           0.9858760,      -19368.7710000,
  5877,           0.9858770,      -19368.0900000,
  5878,           0.9858780,      -19367.3500000,
  5879,           0.9858790,      -19366.6210000,
  5880,           0.9858800,      -19358.1700000,
  5881,           0.9858810,      -19357.5010000,
  5882,           0.9858820,      -19356.7300000,
  5883,           0.9858830,      -19355.9900000,
  5884,           0.9858840,      -19355.2700000,
  5885,           0.9858850,      -19354.5310000,
  5886,           0.9858860,      -19353.8400000,
  5887,           0.9858870,      -19353.0820000,
  5888,           0.9858880,      -19352.3510000,
  5889,           0.9858890,      -19351.6200000,
  5890,           0.9858900,      -19350.9400000,
  5891,           0.9858910,      -19350.1800000,
  5892,           0.9858920,      -19349.4820000,
  5893,           0.9858930,      -19348.7320000,
  5894,           0.9858940,      -19348.0030000,
  5895,           0.9858950,      -19347.3000000,
  5896,           0.9858960,      -19346.5900000,
  5897,           0.9858970,      -19345.8300000,
  5898,           0.9858980,      -19345.1000000,
  5899,           0.9858990,      -19344.4100000,
  5900,           0.9859000,      -19343.6730000,
  5901,           0.9859010,      -19342.9200000,
  5902,           0.9859020,      -19342.1830000,
  5903,           0.9859030,      -19341.4640000,
  5904,           0.9859040,      -19340.7510000,
  5905,           0.9859050,      -19340.0400000,
  5906,           0.9859060,      -19339.2800000,
  5907,           0.9859070,      -19338.5700000,
  5908,           0.9859080,      -19337.8530000,
  5909,           0.9859090,      -19337.1400000,
  5910,           0.9859100,      -19336.3820000,
  5911,           0.9859110,      -19335.6730000,
  5912,           0.9859120,      -19334.9400000,
  5913,           0.9859130,      -19334.2400000,
  5914,           0.9859140,      -19333.4900000,
  5915,           0.9859150,      -19332.7710000,
  5916,           0.9859160,      -19332.0230000,
  5917,           0.9859170,      -19331.3430000,
  5918,           0.9859180,      -19330.6130000,
  5919,           0.9859190,      -19329.8840000,
  5920,           0.9859200,      -19329.1440000,
  5921,           0.9859210,      -19328.3710000,
  5922,           0.9859220,      -19327.7100000,
  5923,           0.9859230,      -19326.9600000,
  5924,           0.9859240,      -19326.2320000,
  5925,           0.9859250,      -19325.4900000,
  5926,           0.9859260,      -19324.8040000,
  5927,           0.9859270,      -19324.0640000,
  5928,           0.9859280,      -19323.3300000,
  5929,           0.9859290,      -19322.6000000,
  5930,           0.9859300,      -19321.8500000,
  5931,           0.9859310,      -19321.1700000,
  5932,           0.9859320,      -19320.4400000,
  5933,           0.9859330,      -19319.6800000,
  5934,           0.9859340,      -19318.9500000,
  5935,           0.9859350,      -19318.2500000,
  5936,           0.9859360,      -19317.5440000,
  5937,           0.9859370,      -19316.8000000,
  5938,           0.9859380,      -19316.0330000,
  5939,           0.9859390,      -19315.3240000,
  5940,           0.9859400,      -19314.6300000,
  5941,           0.9859410,      -19313.8610000,
  5942,           0.9859420,      -19313.1030000,
  5943,           0.9859430,      -19312.3920000,
  5944,           0.9859440,      -19311.7240000,
  5945,           0.9859450,      -19310.9800000,
  5946,           0.9859460,      -19310.2500000,
  5947,           0.9859470,      -19309.5100000,
  5948,           0.9859480,      -19308.7510000,
  5949,           0.9859490,      -19308.0800000,
  5950,           0.9859500,      -19307.3430000,
  5951,           0.9859510,      -19306.6010000,
  5952,           0.9859520,      -19305.8630000,
  5953,           0.9859530,      -19305.1600000,
  5954,           0.9859540,      -19304.4330000,
  5955,           0.9859550,      -19303.6730000,
  5956,           0.9859560,      -19302.9400000,
  5957,           0.9859570,      -19302.2140000,
  5958,           0.9859580,      -19301.5330000,
  5959,           0.9859590,      -19300.7900000,
  5960,           0.9859600,      -19300.0600000,
  5961,           0.9859610,      -19299.3000000,
  5962,           0.9859620,      -19298.6320000,
  5963,           0.9859630,      -19297.8820000,
  5964,           0.9859640,      -19297.1600000,
  5965,           0.9859650,      -19296.4200000,
  5966,           0.9859660,      -19295.6810000,
  5967,           0.9859670,      -19294.9620000,
  5968,           0.9859680,      -19294.2500000,
  5969,           0.9859690,      -19293.5100000,
  5970,           0.9859700,      -19292.7800000,
  5971,           0.9859710,      -19292.0700000,
  5972,           0.9859720,      -19283.2830000,
  5973,           0.9859730,      -19282.5520000,
  5974,           0.9859740,      -19281.8020000,
  5975,           0.9859750,      -19281.0700000,
  5976,           0.9859760,      -19280.3700000,
  5977,           0.9859770,      -19279.6600000,
  5978,           0.9859780,      -19278.9020000,
  5979,           0.9859790,      -19278.1710000,
  5980,           0.9859800,      -19277.4740000,
  5981,           0.9859810,      -19276.7530000,
  5982,           0.9859820,      -19276.0010000,
  5983,           0.9859830,      -19275.2810000,
  5984,           0.9859840,      -19274.5300000,
  5985,           0.9859850,      -19273.8410000,
  5986,           0.9859860,      -19273.0830000,
  5987,           0.9859870,      -19272.3610000,
  5988,           0.9859880,      -19271.6100000,
  5989,           0.9859890,      -19270.9210000,
  5990,           0.9859900,      -19270.1730000,
  5991,           0.9859910,      -19269.4400000,
  5992,           0.9859920,      -19268.7000000,
  5993,           0.9859930,      -19267.9500000,
  5994,           0.9859940,      -19267.2700000,
  5995,           0.9859950,      -19266.5310000,
  5996,           0.9859960,      -19265.7900000,
  5997,           0.9859970,      -19265.0310000,
  5998,           0.9859980,      -19264.3600000,
  5999,           0.9859990,      -19263.6100000,
  6000,           0.9860000,      -19262.8900000,
  6001,           0.9860010,      -19262.1230000,
  6002,           0.9860020,      -19261.4000000,
  6003,           0.9860030,      -19260.6900000,
  6004,           0.9860040,      -19259.9600000,
  6005,           0.9860050,      -19259.2010000,
  6006,           0.9860060,      -19258.4500000,
  6007,           0.9860070,      -19345.8100000,
  6008,           0.9860080,      -19345.0640000,
  6009,           0.9860090,      -19344.3410000,
  6010,           0.9860100,      -19343.5640000,
  6011,           0.9860110,      -19342.8400000,
  6012,           0.9860120,      -19342.1300000,
  6013,           0.9860130,      -19341.4200000,
  6014,           0.9860140,      -19340.6540000,
  6015,           0.9860150,      -19339.9300000,
  6016,           0.9860160,      -19339.2300000,
  6017,           0.9860170,      -19338.5000000,
  6018,           0.9860180,      -19337.7400000,
  6019,           0.9860190,      -19337.0100000,
  6020,           0.9860200,      -19336.2600000,
  6021,           0.9860210,      -19335.5900000,
  6022,           0.9860220,      -19334.8400000,
  6023,           0.9860230,      -19334.0620000,
  6024,           0.9860240,      -19333.3400000,
  6025,           0.9860250,      -19332.6420000,
  6026,           0.9860260,      -19331.9120000,
  6027,           0.9860270,      -19331.1730000,
  6028,           0.9860280,      -19330.4500000,
  6029,           0.9860290,      -19329.6900000,
  6030,           0.9860300,      -19329.0030000,
  6031,           0.9860310,      -19328.2500000,
  6032,           0.9860320,      -19327.5200000,
  6033,           0.9860330,      -19326.7600000,
  6034,           0.9860340,      -19326.0800000,
  6035,           0.9860350,      -19325.3100000,
  6036,           0.9860360,      -19324.5900000,
  6037,           0.9860370,      -19323.8400000,
  6038,           0.9860380,      -19323.1000000,
  6039,           0.9860390,      -19322.3940000,
  6040,           0.9860400,      -19321.6420000,
  6041,           0.9860410,      -19320.8920000,
  6042,           0.9860420,      -19320.1540000,
  6043,           0.9860430,      -19319.4600000,
  6044,           0.9860440,      -19318.7200000,
  6045,           0.9860450,      -19317.9800000,
  6046,           0.9860460,      -19317.2220000,
  6047,           0.9860470,      -19316.4940000,
  6048,           0.9860480,      -19315.7800000,
  6049,           0.9860490,      -19315.0440000,
  6050,           0.9860500,      -19314.2920000,
  6051,           0.9860510,      -19313.5600000,
  6052,           0.9860520,      -19312.8630000,
  6053,           0.9860530,      -19312.1300000,
  6054,           0.9860540,      -19311.3600000,
  6055,           0.9860550,      -19310.6110000,
  6056,           0.9860560,      -19309.8820000,
  6057,           0.9860570,      -19309.1640000,
  6058,           0.9860580,      -19308.4400000,
  6059,           0.9860590,      -19307.6900000,
  6060,           0.9860600,      -19306.9700000,
  6061,           0.9860610,      -19306.2400000,
  6062,           0.9860620,      -19305.5100000,
  6063,           0.9860630,      -19304.7600000,
  6064,           0.9860640,      -19304.0400000,
  6065,           0.9860650,      -19303.3220000,
  6066,           0.9860660,      -19302.5900000,
  6067,           0.9860670,      -19301.8300000,
  6068,           0.9860680,      -19301.1110000,
  6069,           0.9860690,      -19300.3530000,
  6070,           0.9860700,      -19299.6420000,
  6071,           0.9860710,      -19298.8820000,
  6072,           0.9860720,      -19298.1500000,
  6073,           0.9860730,      -19297.4200000,
  6074,           0.9860740,      -19296.7100000,
  6075,           0.9860750,      -19295.9800000,
  6076,           0.9860760,      -19295.2200000,
  6077,           0.9860770,      -19294.4600000,
  6078,           0.9860780,      -19293.7300000,
  6079,           0.9860790,      -19293.0440000,
  6080,           0.9860800,      -19292.2710000,
  6081,           0.9860810,      -19291.5520000,
  6082,           0.9860820,      -19290.8100000,
  6083,           0.9860830,      -19290.1100000,
  6084,           0.9860840,      -19289.3600000,
  6085,           0.9860850,      -19288.6100000,
  6086,           0.9860860,      -19287.8800000,
  6087,           0.9860870,      -19287.1110000,
  6088,           0.9860880,      -19286.4410000,
  6089,           0.9860890,      -19285.6700000,
  6090,           0.9860900,      -19284.9430000,
  6091,           0.9860910,      -19284.1900000,
  6092,           0.9860920,      -19283.5100000,
  6093,           0.9860930,      -19282.7600000,
  6094,           0.9860940,      -19282.0200000,
  6095,           0.9860950,      -19281.2600000,
  6096,           0.9860960,      -19280.5200000,
  6097,           0.9860970,      -19279.8100000,
  6098,           0.9860980,      -19279.0800000,
  6099,           0.9860990,      -19278.3200000,
  6100,           0.9861000,      -19277.5830000,
  6101,           0.9861010,      -19276.8840000,
  6102,           0.9861020,      -19276.1110000,
  6103,           0.9861030,      -19275.4100000,
  6104,           0.9861040,      -19274.6520000,
  6105,           0.9861050,      -19273.9100000,
  6106,           0.9861060,      -19273.1900000,
  6107,           0.9861070,      -19272.4620000,
  6108,           0.9861080,      -19271.7100000,
  6109,           0.9861090,      -19270.9700000,
  6110,           0.9861100,      -19270.2700000,
  6111,           0.9861110,      -19269.5200000,
  6112,           0.9861120,      -19268.7730000,
  6113,           0.9861130,      -19268.0400000,
  6114,           0.9861140,      -19267.2900000,
  6115,           0.9861150,      -19266.5800000,
  6116,           0.9861160,      -19265.8510000,
  6117,           0.9861170,      -19265.1000000,
  6118,           0.9861180,      -19264.3430000,
  6119,           0.9861190,      -19263.6500000,
  6120,           0.9861200,      -19262.9200000,
  6121,           0.9861210,      -19262.1600000,
  6122,           0.9861220,      -19261.4400000,
  6123,           0.9861230,      -19260.6800000,
  6124,           0.9861240,      -19259.9940000,
  6125,           0.9861250,      -19259.2400000,
  6126,           0.9861260,      -19258.4900000,
  6127,           0.9861270,      -19257.7510000,
  6128,           0.9861280,      -19257.0800000,
  6129,           0.9861290,      -19256.3040000,
  6130,           0.9861300,      -19255.5500000,
  6131,           0.9861310,      -19254.8140000,
  6132,           0.9861320,      -19254.0600000,
  6133,           0.9861330,      -19253.3800000,
  6134,           0.9861340,      -19252.6300000,
  6135,           0.9861350,      -19251.8700000,
  6136,           0.9861360,      -19251.1200000,
  6137,           0.9861370,      -19250.4500000,
  6138,           0.9861380,      -19249.6900000,
  6139,           0.9861390,      -19248.9700000,
  6140,           0.9861400,      -19248.2100000,
  6141,           0.9861410,      -19247.4600000,
  6142,           0.9861420,      -19246.7440000,
  6143,           0.9861430,      -19245.9920000,
  6144,           0.9861440,      -19245.2600000,
  6145,           0.9861450,      -19244.5100000,
  6146,           0.9861460,      -19243.8220000,
  6147,           0.9861470,      -19243.0700000,
  6148,           0.9861480,      -19242.3400000,
  6149,           0.9861490,      -19241.5900000,
  6150,           0.9861500,      -19240.8600000,
  6151,           0.9861510,      -19240.1300000,
  6152,           0.9861520,      -19239.3940000,
  6153,           0.9861530,      -19238.6340000,
  6154,           0.9861540,      -19237.9100000,
  6155,           0.9861550,      -19237.2010000,
  6156,           0.9861560,      -19236.4740000,
  6157,           0.9861570,      -19235.7000000,
  6158,           0.9861580,      -19234.9410000,
  6159,           0.9861590,      -19234.2220000,
  6160,           0.9861600,      -19233.5200000,
  6161,           0.9861610,      -19232.7830000,
  6162,           0.9861620,      -19232.0310000,
  6163,           0.9861630,      -19231.2810000,
  6164,           0.9861640,      -19230.5700000,
  6165,           0.9861650,      -19229.8500000,
  6166,           0.9861660,      -19317.1200000,
  6167,           0.9861670,      -19316.3800000,
  6168,           0.9861680,      -19315.6200000,
  6169,           0.9861690,      -19314.9310000,
  6170,           0.9861700,      -19314.1800000,
  6171,           0.9861710,      -19313.4530000,
  6172,           0.9861720,      -19312.7100000,
  6173,           0.9861730,      -19311.9840000,
  6174,           0.9861740,      -19311.2500000,
  6175,           0.9861750,      -19310.4820000,
  6176,           0.9861760,      -19309.7730000,
  6177,           0.9861770,      -19309.0100000,
  6178,           0.9861780,      -19308.3200000,
  6179,           0.9861790,      -19307.5440000,
  6180,           0.9861800,      -19306.8240000,
  6181,           0.9861810,      -19306.0600000,
  6182,           0.9861820,      -19305.3710000,
  6183,           0.9861830,      -19304.6200000,
  6184,           0.9861840,      -19296.3330000,
  6185,           0.9861850,      -19295.5900000,
  6186,           0.9861860,      -19294.8400000,
  6187,           0.9861870,      -19294.1440000,
  6188,           0.9861880,      -19293.4100000,
  6189,           0.9861890,      -19292.6600000,
  6190,           0.9861900,      -19291.8900000,
  6191,           0.9861910,      -19291.2000000,
  6192,           0.9861920,      -19290.4600000,
  6193,           0.9861930,      -19289.7240000,
  6194,           0.9861940,      -19288.9640000,
  6195,           0.9861950,      -19288.2600000,
  6196,           0.9861960,      -19287.5310000,
  6197,           0.9861970,      -19286.7900000,
  6198,           0.9861980,      -19286.0400000,
  6199,           0.9861990,      -19285.2830000,
  6200,           0.9862000,      -19284.5740000,
  6201,           0.9862010,      -19283.8100000,
  6202,           0.9862020,      -19283.0620000,
  6203,           0.9862030,      -19282.3200000,
  6204,           0.9862040,      -19281.5930000,
  6205,           0.9862050,      -19280.8840000,
  6206,           0.9862060,      -19280.1300000,
  6207,           0.9862070,      -19279.3700000,
  6208,           0.9862080,      -19278.6340000,
  6209,           0.9862090,      -19277.9120000,
  6210,           0.9862100,      -19277.1900000,
  6211,           0.9862110,      -19276.3940000,
  6212,           0.9862120,      -19275.6710000,
  6213,           0.9862130,      -19274.9200000,
  6214,           0.9862140,      -19274.2120000,
  6215,           0.9862150,      -19273.4800000,
  6216,           0.9862160,      -19272.7140000,
  6217,           0.9862170,      -19271.9700000,
  6218,           0.9862180,      -19271.2600000,
  6219,           0.9862190,      -19270.5330000,
  6220,           0.9862200,      -19269.7610000,
  6221,           0.9862210,      -19269.0300000,
  6222,           0.9862220,      -19268.2700000,
  6223,           0.9862230,      -19267.5720000,
  6224,           0.9862240,      -19266.8200000,
  6225,           0.9862250,      -19266.0900000,
  6226,           0.9862260,      -19265.3300000,
  6227,           0.9862270,      -19264.5900000,
  6228,           0.9862280,      -19351.8840000,
  6229,           0.9862290,      -19351.1200000,
  6230,           0.9862300,      -19350.4040000,
  6231,           0.9862310,      -19349.6440000,
  6232,           0.9862320,      -19348.9300000,
  6233,           0.9862330,      -19348.2010000,
  6234,           0.9862340,      -19347.4510000,
  6235,           0.9862350,      -19346.6910000,
  6236,           0.9862360,      -19346.0000000,
  6237,           0.9862370,      -19345.2420000,
  6238,           0.9862380,      -19344.5100000,
  6239,           0.9862390,      -19343.7600000,
  6240,           0.9862400,      -19343.0000000,
  6241,           0.9862410,      -19342.2910000,
  6242,           0.9862420,      -19341.5400000,
  6243,           0.9862430,      -19340.8000000,
  6244,           0.9862440,      -19340.0400000,
  6245,           0.9862450,      -19339.3600000,
  6246,           0.9862460,      -19338.5900000,
  6247,           0.9862470,      -19337.8600000,
  6248,           0.9862480,      -19337.0830000,
  6249,           0.9862490,      -19336.3410000,
  6250,           0.9862500,      -19335.6440000,
  6251,           0.9862510,      -19334.8920000,
  6252,           0.9862520,      -19334.1420000,
  6253,           0.9862530,      -19333.3900000,
  6254,           0.9862540,      -19332.6800000,
  6255,           0.9862550,      -19331.9330000,
  6256,           0.9862560,      -19331.2000000,
  6257,           0.9862570,      -19330.4230000,
  6258,           0.9862580,      -19329.7400000,
  6259,           0.9862590,      -19328.9700000,
  6260,           0.9862600,      -19328.2420000,
  6261,           0.9862610,      -19327.4800000,
  6262,           0.9862620,      -19326.7600000,
  6263,           0.9862630,      -19326.0500000,
  6264,           0.9862640,      -19325.2910000,
  6265,           0.9862650,      -19412.5520000,
  6266,           0.9862660,      -19411.8000000,
  6267,           0.9862670,      -19411.1130000,
  6268,           0.9862680,      -19410.3600000,
  6269,           0.9862690,      -19409.6230000,
  6270,           0.9862700,      -19408.8400000,
  6271,           0.9862710,      -19408.1100000,
  6272,           0.9862720,      -19407.3940000,
  6273,           0.9862730,      -19406.6540000,
  6274,           0.9862740,      -19405.8900000,
  6275,           0.9862750,      -19405.1600000,
  6276,           0.9862760,      -19404.4400000,
  6277,           0.9862770,      -19403.6810000,
  6278,           0.9862780,      -19402.9500000,
  6279,           0.9862790,      -19402.1730000,
  6280,           0.9862800,      -19401.4500000,
  6281,           0.9862810,      -19400.7300000,
  6282,           0.9862820,      -19400.0010000,
  6283,           0.9862830,      -19399.2300000,
  6284,           0.9862840,      -19398.4820000,
  6285,           0.9862850,      -19397.7730000,
  6286,           0.9862860,      -19397.0400000,
  6287,           0.9862870,      -19396.2710000,
  6288,           0.9862880,      -19395.5410000,
  6289,           0.9862890,      -19394.7900000,
  6290,           0.9862900,      -19394.0640000,
  6291,           0.9862910,      -19393.3300000,
  6292,           0.9862920,      -19392.5620000,
  6293,           0.9862930,      -19391.8240000,
  6294,           0.9862940,      -19391.1000000,
  6295,           0.9862950,      -19390.3600000,
  6296,           0.9862960,      -19389.5930000,
  6297,           0.9862970,      -19388.8600000,
  6298,           0.9862980,      -19388.1030000,
  6299,           0.9862990,      -19387.4100000,
  6300,           0.9863000,      -19386.6400000,
  6301,           0.9863010,      -19385.9040000,
  6302,           0.9863020,      -19385.1540000,
  6303,           0.9863030,      -19384.4300000,
  6304,           0.9863040,      -19383.6800000,
  6305,           0.9863050,      -19382.9100000,
  6306,           0.9863060,      -19382.1800000,
  6307,           0.9863070,      -19381.4200000,
  6308,           0.9863080,      -19380.7220000,
  6309,           0.9863090,      -19379.9530000,
  6310,           0.9863100,      -19379.2100000,
  6311,           0.9863110,      -19378.4600000,
  6312,           0.9863120,      -19377.7500000,
  6313,           0.9863130,      -19376.9820000,
  6314,           0.9863140,      -19376.2420000,
  6315,           0.9863150,      -19375.4800000,
  6316,           0.9863160,      -19374.7200000,
  6317,           0.9863170,      -19374.0300000,
  6318,           0.9863180,      -19373.2700000,
  6319,           0.9863190,      -19372.5300000,
  6320,           0.9863200,      -19371.7510000,
  6321,           0.9863210,      -19371.0420000,
  6322,           0.9863220,      -19370.2940000,
  6323,           0.9863230,      -19369.5410000,
  6324,           0.9863240,      -19368.7830000,
  6325,           0.9863250,      -19368.0400000,
  6326,           0.9863260,      -19367.3300000,
  6327,           0.9863270,      -19366.5600000,
  6328,           0.9863280,      -19365.8240000,
  6329,           0.9863290,      -19365.0600000,
  6330,           0.9863300,      -19364.3610000,
  6331,           0.9863310,      -19363.5910000,
  6332,           0.9863320,      -19362.8610000,
  6333,           0.9863330,      -19362.0930000,
  6334,           0.9863340,      -19361.3610000,
  6335,           0.9863350,      -19360.6520000,
  6336,           0.9863360,      -19359.9000000,
  6337,           0.9863370,      -19359.1500000,
  6338,           0.9863380,      -19358.4100000,
  6339,           0.9863390,      -19357.6800000,
  6340,           0.9863400,      -19356.9200000,
  6341,           0.9863410,      -19356.1800000,
  6342,           0.9863420,      -19355.4000000,
  6343,           0.9863430,      -19354.6620000,
  6344,           0.9863440,      -19353.9430000,
  6345,           0.9863450,      -19353.2100000,
  6346,           0.9863460,      -19352.4400000,
  6347,           0.9863470,      -19351.7100000,
  6348,           0.9863480,      -19351.0030000,
  6349,           0.9863490,      -19350.2440000,
  6350,           0.9863500,      -19349.4800000,
  6351,           0.9863510,      -19348.7200000,
  6352,           0.9863520,      -19347.9840000,
  6353,           0.9863530,      -19347.2730000,
  6354,           0.9863540,      -19346.5200000,
  6355,           0.9863550,      -19345.7600000,
  6356,           0.9863560,      -19345.0300000,
  6357,           0.9863570,      -19344.2920000,
  6358,           0.9863580,      -19343.5600000,
  6359,           0.9863590,      -19342.7800000,
  6360,           0.9863600,      -19342.0410000,
  6361,           0.9863610,      -19341.2900000,
  6362,           0.9863620,      -19340.5930000,
  6363,           0.9863630,      -19332.0830000,
  6364,           0.9863640,      -19331.3120000,
  6365,           0.9863650,      -19330.5640000,
  6366,           0.9863660,      -19329.8400000,
  6367,           0.9863670,      -19329.1110000,
  6368,           0.9863680,      -19328.3320000,
  6369,           0.9863690,      -19327.5820000,
  6370,           0.9863700,      -19326.8400000,
  6371,           0.9863710,      -19326.1500000,
  6372,           0.9863720,      -19325.3820000,
  6373,           0.9863730,      -19324.6300000,
  6374,           0.9863740,      -19323.8730000,
  6375,           0.9863750,      -19323.1500000,
  6376,           0.9863760,      -19322.4140000,
  6377,           0.9863770,      -19321.6500000,
  6378,           0.9863780,      -19320.8900000,
  6379,           0.9863790,      -19320.1440000,
  6380,           0.9863800,      -19319.4430000,
  6381,           0.9863810,      -19318.6730000,
  6382,           0.9863820,      -19317.9500000,
  6383,           0.9863830,      -19317.1620000,
  6384,           0.9863840,      -19316.4600000,
  6385,           0.9863850,      -19315.7010000,
  6386,           0.9863860,      -19314.9330000,
  6387,           0.9863870,      -19314.2010000,
  6388,           0.9863880,      -19313.4140000,
  6389,           0.9863890,      -19312.7300000,
  6390,           0.9863900,      -19311.9740000,
  6391,           0.9863910,      -19311.2400000,
  6392,           0.9863920,      -19310.4800000,
  6393,           0.9863930,      -19309.7700000,
  6394,           0.9863940,      -19309.0200000,
  6395,           0.9863950,      -19308.2700000,
  6396,           0.9863960,      -19307.5100000,
  6397,           0.9863970,      -19306.7530000,
  6398,           0.9863980,      -19306.0300000,
  6399,           0.9863990,      -19305.2800000,
  6400,           0.9864000,      -19304.5310000,
  6401,           0.9864010,      -19303.7700000,
  6402,           0.9864020,      -19303.0600000,
  6403,           0.9864030,      -19302.3100000,
  6404,           0.9864040,      -19301.5700000,
  6405,           0.9864050,      -19300.8100000,
  6406,           0.9864060,      -19300.0800000,
  6407,           0.9864070,      -19299.3400000,
  6408,           0.9864080,      -19298.6110000,
  6409,           0.9864090,      -19297.8400000,
  6410,           0.9864100,      -19297.0520000,
  6411,           0.9864110,      -19296.3510000,
  6412,           0.9864120,      -19295.6000000,
  6413,           0.9864130,      -19294.8430000,
  6414,           0.9864140,      -19294.1100000,
  6415,           0.9864150,      -19293.3600000,
  6416,           0.9864160,      -19292.6400000,
  6417,           0.9864170,      -19291.9040000,
  6418,           0.9864180,      -19291.1300000,
  6419,           0.9864190,      -19290.3840000,
  6420,           0.9864200,      -19289.6400000,
  6421,           0.9864210,      -19288.9100000,
  6422,           0.9864220,      -19288.1600000,
  6423,           0.9864230,      -19287.3920000,
  6424,           0.9864240,      -19286.6500000,
  6425,           0.9864250,      -19285.9300000,
  6426,           0.9864260,      -19285.1900000,
  6427,           0.9864270,      -19284.4230000,
  6428,           0.9864280,      -19283.6810000,
  6429,           0.9864290,      -19282.9800000,
  6430,           0.9864300,      -19282.2200000,
  6431,           0.9864310,      -19281.4430000,
  6432,           0.9864320,      -19280.6900000,
  6433,           0.9864330,      -19279.9530000,
  6434,           0.9864340,      -19279.2100000,
  6435,           0.9864350,      -19278.4700000,
  6436,           0.9864360,      -19277.7100000,
  6437,           0.9864370,      -19276.9800000,
  6438,           0.9864380,      -19276.2710000,
  6439,           0.9864390,      -19275.5300000,
  6440,           0.9864400,      -19274.7700000,
  6441,           0.9864410,      -19274.0130000,
  6442,           0.9864420,      -19273.2500000,
  6443,           0.9864430,      -19272.5300000,
  6444,           0.9864440,      -19271.7710000,
  6445,           0.9864450,      -19271.0100000,
  6446,           0.9864460,      -19270.2800000,
  6447,           0.9864470,      -19269.5700000,
  6448,           0.9864480,      -19268.8200000,
  6449,           0.9864490,      -19268.0520000,
  6450,           0.9864500,      -19267.3000000,
  6451,           0.9864510,      -19266.5310000,
  6452,           0.9864520,      -19265.8400000,
  6453,           0.9864530,      -19265.0620000,
  6454,           0.9864540,      -19264.3100000,
  6455,           0.9864550,      -19263.5600000,
  6456,           0.9864560,      -19262.8530000,
  6457,           0.9864570,      -19262.0900000,
  6458,           0.9864580,      -19261.3500000,
  6459,           0.9864590,      -19260.5900000,
  6460,           0.9864600,      -19259.8730000,
  6461,           0.9864610,      -19259.1340000,
  6462,           0.9864620,      -19258.3730000,
  6463,           0.9864630,      -19257.6200000,
  6464,           0.9864640,      -19256.8510000,
  6465,           0.9864650,      -19256.1440000,
  6466,           0.9864660,      -19255.3840000,
  6467,           0.9864670,      -19254.6340000,
  6468,           0.9864680,      -19253.8900000,
  6469,           0.9864690,      -19253.1600000,
  6470,           0.9864700,      -19252.4200000,
  6471,           0.9864710,      -19251.6600000,
  6472,           0.9864720,      -19250.9020000,
  6473,           0.9864730,      -19250.1420000,
  6474,           0.9864740,      -19249.4430000,
  6475,           0.9864750,      -19248.6900000,
  6476,           0.9864760,      -19247.9200000,
  6477,           0.9864770,      -19247.1700000,
  6478,           0.9864780,      -19246.4500000,
  6479,           0.9864790,      -19245.7200000,
  6480,           0.9864800,      -19244.9200000,
  6481,           0.9864810,      -19244.1930000,
  6482,           0.9864820,      -19243.4310000,
  6483,           0.9864830,      -19242.7300000,
  6484,           0.9864840,      -19241.9700000,
  6485,           0.9864850,      -19241.2200000,
  6486,           0.9864860,      -19240.4500000,
  6487,           0.9864870,      -19239.7400000,
  6488,           0.9864880,      -19238.9820000,
  6489,           0.9864890,      -19238.2200000,
  6490,           0.9864900,      -19237.4700000,
  6491,           0.9864910,      -19236.7100000,
  6492,           0.9864920,      -19236.0200000,
  6493,           0.9864930,      -19235.2510000,
  6494,           0.9864940,      -19234.5000000,
  6495,           0.9864950,      -19233.7300000,
  6496,           0.9864960,      -19233.0330000,
  6497,           0.9864970,      -19232.2700000,
  6498,           0.9864980,      -19231.5000000,
  6499,           0.9864990,      -19230.7600000,
  6500,           0.9865000,      -19229.9800000,
  6501,           0.9865010,      -19229.3000000,
  6502,           0.9865020,      -19228.5300000,
  6503,           0.9865030,      -19227.7900000,
  6504,           0.9865040,      -19227.0110000,
  6505,           0.9865050,      -19226.3200000,
  6506,           0.9865060,      -19225.5620000,
  6507,           0.9865070,      -19224.8040000,
  6508,           0.9865080,      -19224.0400000,
  6509,           0.9865090,      -19223.2730000,
  6510,           0.9865100,      -19222.5820000,
  6511,           0.9865110,      -19221.8200000,
  6512,           0.9865120,      -19221.0720000,
  6513,           0.9865130,      -19220.3000000,
  6514,           0.9865140,      -19219.6100000,
  6515,           0.9865150,      -19218.8400000,
  6516,           0.9865160,      -19218.0820000,
  6517,           0.9865170,      -19217.3200000,
  6518,           0.9865180,      -19216.6000000,
  6519,           0.9865190,      -19215.8630000,
  6520,           0.9865200,      -19215.0720000,
  6521,           0.9865210,      -19214.3400000,
  6522,           0.9865220,      -19213.5820000,
  6523,           0.9865230,      -19212.8820000,
  6524,           0.9865240,      -19212.1340000,
  6525,           0.9865250,      -19211.3610000,
  6526,           0.9865260,      -19210.5900000,
  6527,           0.9865270,      -19209.8600000,
  6528,           0.9865280,      -19209.1300000,
  6529,           0.9865290,      -19208.3500000,
  6530,           0.9865300,      -19207.5900000,
  6531,           0.9865310,      -19206.8200000,
  6532,           0.9865320,      -19206.1300000,
  6533,           0.9865330,      -19205.3430000,
  6534,           0.9865340,      -19204.6030000,
  6535,           0.9865350,      -19203.8330000,
  6536,           0.9865360,      -19203.1000000,
  6537,           0.9865370,      -19202.3800000,
  6538,           0.9865380,      -19201.6130000,
  6539,           0.9865390,      -19200.8500000,
  6540,           0.9865400,      -19200.0900000,
  6541,           0.9865410,      -19199.3800000,
  6542,           0.9865420,      -19198.6100000,
  6543,           0.9865430,      -19197.8610000,
  6544,           0.9865440,      -19197.1100000,
  6545,           0.9865450,      -19196.3500000,
  6546,           0.9865460,      -19195.6320000,
  6547,           0.9865470,      -19194.8800000,
  6548,           0.9865480,      -19194.1000000,
  6549,           0.9865490,      -19193.3700000,
  6550,           0.9865500,      -19192.6520000,
  6551,           0.9865510,      -19191.8700000,
  6552,           0.9865520,      -19191.1200000,
  6553,           0.9865530,      -19190.3500000,
  6554,           0.9865540,      -19189.6130000,
  6555,           0.9865550,      -19188.8840000,
  6556,           0.9865560,      -19188.1200000,
  6557,           0.9865570,      -19187.3530000,
  6558,           0.9865580,      -19186.6100000,
  6559,           0.9865590,      -19185.8920000,
  6560,           0.9865600,      -19185.1340000,
  6561,           0.9865610,      -19184.3840000,
  6562,           0.9865620,      -19183.6110000,
  6563,           0.9865630,      -19182.8600000,
  6564,           0.9865640,      -19182.1210000,
  6565,           0.9865650,      -19181.3820000,
  6566,           0.9865660,      -19180.6300000,
  6567,           0.9865670,      -19179.8740000,
  6568,           0.9865680,      -19179.1230000,
  6569,           0.9865690,      -19178.3900000,
  6570,           0.9865700,      -19177.6300000,
  6571,           0.9865710,      -19176.8700000,
  6572,           0.9865720,      -19176.1110000,
  6573,           0.9865730,      -19175.3710000,
  6574,           0.9865740,      -19174.6200000,
  6575,           0.9865750,      -19173.8500000,
  6576,           0.9865760,      -19165.0500000,
  6577,           0.9865770,      -19164.3040000,
  6578,           0.9865780,      -19163.5800000,
  6579,           0.9865790,      -19162.8100000,
  6580,           0.9865800,      -19162.0330000,
  6581,           0.9865810,      -19161.2730000,
  6582,           0.9865820,      -19160.5520000,
  6583,           0.9865830,      -19159.8200000,
  6584,           0.9865840,      -19159.0400000,
  6585,           0.9865850,      -19158.2830000,
  6586,           0.9865860,      -19157.5520000,
  6587,           0.9865870,      -19156.8200000,
  6588,           0.9865880,      -19156.0500000,
  6589,           0.9865890,      -19155.3000000,
  6590,           0.9865900,      -19154.5200000,
  6591,           0.9865910,      -19153.8100000,
  6592,           0.9865920,      -19153.0600000,
  6593,           0.9865930,      -19152.2900000,
  6594,           0.9865940,      -19151.5500000,
  6595,           0.9865950,      -19150.8200000,
  6596,           0.9865960,      -19150.0700000,
  6597,           0.9865970,      -19149.3020000,
  6598,           0.9865980,      -19148.5310000,
  6599,           0.9865990,      -19147.7530000,
  6600,           0.9866000,      -19147.0500000,
  6601,           0.9866010,      -19146.3120000,
  6602,           0.9866020,      -19145.5210000,
  6603,           0.9866030,      -19144.7700000,
  6604,           0.9866040,      -19144.0500000,
  6605,           0.9866050,      -19143.3000000,
  6606,           0.9866060,      -19142.5130000,
  6607,           0.9866070,      -19141.7700000,
  6608,           0.9866080,      -19140.9940000,
  6609,           0.9866090,      -19140.3120000,
  6610,           0.9866100,      -19139.5200000,
  6611,           0.9866110,      -19138.7440000,
  6612,           0.9866120,      -19137.9800000,
  6613,           0.9866130,      -19137.2700000,
  6614,           0.9866140,      -19136.5110000,
  6615,           0.9866150,      -19135.7420000,
  6616,           0.9866160,      -19134.9840000,
  6617,           0.9866170,      -19134.2140000,
  6618,           0.9866180,      -19133.5200000,
  6619,           0.9866190,      -19132.7400000,
  6620,           0.9866200,      -19131.9600000,
  6621,           0.9866210,      -19131.2200000,
  6622,           0.9866220,      -19130.5100000,
  6623,           0.9866230,      -19129.7140000,
  6624,           0.9866240,      -19128.9500000,
  6625,           0.9866250,      -19128.2000000,
  6626,           0.9866260,      -19127.4310000,
  6627,           0.9866270,      -19126.7200000,
  6628,           0.9866280,      -19125.9500000,
  6629,           0.9866290,      -19125.2100000,
  6630,           0.9866300,      -19124.4210000,
  6631,           0.9866310,      -19123.6900000,
  6632,           0.9866320,      -19114.8040000,
  6633,           0.9866330,      -19114.0300000,
  6634,           0.9866340,      -19113.2810000,
  6635,           0.9866350,      -19112.5200000,
  6636,           0.9866360,      -19111.8000000,
  6637,           0.9866370,      -19111.0400000,
  6638,           0.9866380,      -19110.2920000,
  6639,           0.9866390,      -19109.5230000,
  6640,           0.9866400,      -19108.7900000,
  6641,           0.9866410,      -19108.0210000,
  6642,           0.9866420,      -19107.2600000,
  6643,           0.9866430,      -19106.5000000,
  6644,           0.9866440,      -19105.7300000,
  6645,           0.9866450,      -19105.0100000,
  6646,           0.9866460,      -19104.2510000,
  6647,           0.9866470,      -19103.5100000,
  6648,           0.9866480,      -19102.7100000,
  6649,           0.9866490,      -19101.9940000,
  6650,           0.9866500,      -19101.2400000,
  6651,           0.9866510,      -19100.4700000,
  6652,           0.9866520,      -19099.7300000,
  6653,           0.9866530,      -19098.9900000,
  6654,           0.9866540,      -19098.2400000,
  6655,           0.9866550,      -19097.4600000,
  6656,           0.9866560,      -19096.7100000,
  6657,           0.9866570,      -19095.9300000,
  6658,           0.9866580,      -19095.2010000,
  6659,           0.9866590,      -19094.4400000,
  6660,           0.9866600,      -19093.6600000,
  6661,           0.9866610,      -19092.9100000,
  6662,           0.9866620,      -19092.2000000,
  6663,           0.9866630,      -19091.4430000,
  6664,           0.9866640,      -19090.6540000,
  6665,           0.9866650,      -19089.9040000,
  6666,           0.9866660,      -19089.1230000,
  6667,           0.9866670,      -19088.4200000,
  6668,           0.9866680,      -19087.6400000,
  6669,           0.9866690,      -19086.8700000,
  6670,           0.9866700,      -19086.1200000,
  6671,           0.9866710,      -19085.3900000,
  6672,           0.9866720,      -19084.6300000,
  6673,           0.9866730,      -19083.8610000,
  6674,           0.9866740,      -19083.1130000,
  6675,           0.9866750,      -19082.3400000,
  6676,           0.9866760,      -19081.6240000,
  6677,           0.9866770,      -19080.8330000,
  6678,           0.9866780,      -19080.0820000,
  6679,           0.9866790,      -19079.3220000,
  6680,           0.9866800,      -19078.6000000,
  6681,           0.9866810,      -19077.8500000,
  6682,           0.9866820,      -19077.0720000,
  6683,           0.9866830,      -19076.3120000,
  6684,           0.9866840,      -19075.5500000,
  6685,           0.9866850,      -19074.8330000,
  6686,           0.9866860,      -19074.0700000,
  6687,           0.9866870,      -19073.3020000,
  6688,           0.9866880,      -19072.5200000,
  6689,           0.9866890,      -19071.8000000,
  6690,           0.9866900,      -19071.0600000,
  6691,           0.9866910,      -19070.2710000,
  6692,           0.9866920,      -19069.5110000,
  6693,           0.9866930,      -19068.7500000,
  6694,           0.9866940,      -19068.0520000,
  6695,           0.9866950,      -19067.2800000,
  6696,           0.9866960,      -19066.4900000,
  6697,           0.9866970,      -19065.7420000,
  6698,           0.9866980,      -19065.0000000,
  6699,           0.9866990,      -19056.4500000,
  6700,           0.9867000,      -19055.6810000,
  6701,           0.9867010,      -19054.9500000,
  6702,           0.9867020,      -19054.1640000,
  6703,           0.9867030,      -19053.4600000,
  6704,           0.9867040,      -19052.6730000,
  6705,           0.9867050,      -19051.9040000,
  6706,           0.9867060,      -19051.1500000,
  6707,           0.9867070,      -19050.4100000,
  6708,           0.9867080,      -19049.6500000,
  6709,           0.9867090,      -19048.8800000,
  6710,           0.9867100,      -19048.1300000,
  6711,           0.9867110,      -19047.3630000,
  6712,           0.9867120,      -19046.6500000,
  6713,           0.9867130,      -19045.8630000,
  6714,           0.9867140,      -19045.1200000,
  6715,           0.9867150,      -19044.3610000,
  6716,           0.9867160,      -19043.6000000,
  6717,           0.9867170,      -19042.8700000,
  6718,           0.9867180,      -19042.0930000,
  6719,           0.9867190,      -19041.3400000,
  6720,           0.9867200,      -19040.5400000,
  6721,           0.9867210,      -19039.8630000,
  6722,           0.9867220,      -19039.0900000,
  6723,           0.9867230,      -19038.3220000,
  6724,           0.9867240,      -19037.5500000,
  6725,           0.9867250,      -19036.8140000,
  6726,           0.9867260,      -19036.0500000,
  6727,           0.9867270,      -19035.2830000,
  6728,           0.9867280,      -19034.5110000,
  6729,           0.9867290,      -19033.7400000,
  6730,           0.9867300,      -19033.0440000,
  6731,           0.9867310,      -19032.2610000,
  6732,           0.9867320,      -19031.5000000,
  6733,           0.9867330,      -19030.7500000,
  6734,           0.9867340,      -19030.0010000,
  6735,           0.9867350,      -19029.2500000,
  6736,           0.9867360,      -19020.3300000,
  6737,           0.9867370,      -19019.5830000,
  6738,           0.9867380,      -19018.7940000,
  6739,           0.9867390,      -19018.1000000,
  6740,           0.9867400,      -19017.3100000,
  6741,           0.9867410,      -19016.5720000,
  6742,           0.9867420,      -19015.7900000,
  6743,           0.9867430,      -19103.0910000,
  6744,           0.9867440,      -19102.3300000,
  6745,           0.9867450,      -19101.5500000,
  6746,           0.9867460,      -19100.8000000,
  6747,           0.9867470,      -19100.0130000,
  6748,           0.9867480,      -19099.3000000,
  6749,           0.9867490,      -19098.5300000,
  6750,           0.9867500,      -19097.7830000,
  6751,           0.9867510,      -19097.0000000,
  6752,           0.9867520,      -19096.2500000,
  6753,           0.9867530,      -19095.5010000,
  6754,           0.9867540,      -19094.7200000,
  6755,           0.9867550,      -19093.9500000,
  6756,           0.9867560,      -19093.1730000,
  6757,           0.9867570,      -19092.4700000,
  6758,           0.9867580,      -19091.7000000,
  6759,           0.9867590,      -19090.9330000,
  6760,           0.9867600,      -19090.1440000,
  6761,           0.9867610,      -19089.4400000,
  6762,           0.9867620,      -19088.6800000,
  6763,           0.9867630,      -19087.8900000,
  6764,           0.9867640,      -19087.1500000,
  6765,           0.9867650,      -19086.3500000,
  6766,           0.9867660,      -19085.6420000,
  6767,           0.9867670,      -19084.8430000,
  6768,           0.9867680,      -19084.0930000,
  6769,           0.9867690,      -19083.3300000,
  6770,           0.9867700,      -19082.5800000,
  6771,           0.9867710,      -19081.8200000,
  6772,           0.9867720,      -19081.0410000,
  6773,           0.9867730,      -19080.2900000,
  6774,           0.9867740,      -19071.3320000,
  6775,           0.9867750,      -19070.6500000,
  6776,           0.9867760,      -19069.8600000,
  6777,           0.9867770,      -19069.0900000,
  6778,           0.9867780,      -19068.3320000,
  6779,           0.9867790,      -19067.5900000,
  6780,           0.9867800,      -19066.8330000,
  6781,           0.9867810,      -19066.0500000,
  6782,           0.9867820,      -19065.3000000,
  6783,           0.9867830,      -19064.5200000,
  6784,           0.9867840,      -19063.8200000,
  6785,           0.9867850,      -19063.0110000,
  6786,           0.9867860,      -19062.2600000,
  6787,           0.9867870,      -19061.4840000,
  6788,           0.9867880,      -19060.7500000,
  6789,           0.9867890,      -19060.0000000,
  6790,           0.9867900,      -19059.2200000,
  6791,           0.9867910,      -19058.4620000,
  6792,           0.9867920,      -19057.6800000,
  6793,           0.9867930,      -19056.9800000,
  6794,           0.9867940,      -19056.1900000,
  6795,           0.9867950,      -19055.4310000,
  6796,           0.9867960,      -19054.6300000,
  6797,           0.9867970,      -19053.9120000,
  6798,           0.9867980,      -19053.1440000,
  6799,           0.9867990,      -19052.3700000,
  6800,           0.9868000,      -19051.6110000,
  6801,           0.9868010,      -19050.8320000,
  6802,           0.9868020,      -19050.1110000,
  6803,           0.9868030,      -19049.3400000,
  6804,           0.9868040,      -19048.5800000,
  6805,           0.9868050,      -19047.7900000,
  6806,           0.9868060,      -19047.0540000,
  6807,           0.9868070,      -19046.2920000,
  6808,           0.9868080,      -19045.5000000,
  6809,           0.9868090,      -19044.7400000,
  6810,           0.9868100,      -19043.9640000,
  6811,           0.9868110,      -19043.2500000,
  6812,           0.9868120,      -19042.4700000,
  6813,           0.9868130,      -19129.7100000,
  6814,           0.9868140,      -19128.9500000,
  6815,           0.9868150,      -19128.2220000,
  6816,           0.9868160,      -19127.4600000,
  6817,           0.9868170,      -19126.6700000,
  6818,           0.9868180,      -19125.9100000,
  6819,           0.9868190,      -19125.1320000,
  6820,           0.9868200,      -19124.4000000,
  6821,           0.9868210,      -19123.6300000,
  6822,           0.9868220,      -19122.8500000,
  6823,           0.9868230,      -19122.0900000,
  6824,           0.9868240,      -19121.3510000,
  6825,           0.9868250,      -19120.5830000,
  6826,           0.9868260,      -19119.8040000,
  6827,           0.9868270,      -19119.0520000,
  6828,           0.9868280,      -19118.2600000,
  6829,           0.9868290,      -19117.5520000,
  6830,           0.9868300,      -19116.7830000,
  6831,           0.9868310,      -19115.9940000,
  6832,           0.9868320,      -19115.2300000,
  6833,           0.9868330,      -19114.4800000,
  6834,           0.9868340,      -19113.7320000,
  6835,           0.9868350,      -19112.9510000,
  6836,           0.9868360,      -19112.1730000,
  6837,           0.9868370,      -19111.4000000,
  6838,           0.9868380,      -19110.6900000,
  6839,           0.9868390,      -19109.8900000,
  6840,           0.9868400,      -19109.0930000,
  6841,           0.9868410,      -19108.3500000,
  6842,           0.9868420,      -19107.6100000,
  6843,           0.9868430,      -19106.8330000,
  6844,           0.9868440,      -19106.0700000,
  6845,           0.9868450,      -19105.3040000,
  6846,           0.9868460,      -19104.5300000,
  6847,           0.9868470,      -19103.8200000,
  6848,           0.9868480,      -19103.0210000,
  6849,           0.9868490,      -19102.2440000,
  6850,           0.9868500,      -19101.4700000,
  6851,           0.9868510,      -19100.7440000,
  6852,           0.9868520,      -19099.9820000,
  6853,           0.9868530,      -19099.2000000,
  6854,           0.9868540,      -19098.4330000,
  6855,           0.9868550,      -19097.7100000,
  6856,           0.9868560,      -19096.9300000,
  6857,           0.9868570,      -19096.1800000,
  6858,           0.9868580,      -19095.3500000,
  6859,           0.9868590,      -19094.6100000,
  6860,           0.9868600,      -19093.8820000,
  6861,           0.9868610,      -19093.1200000,
  6862,           0.9868620,      -19092.3300000,
  6863,           0.9868630,      -19091.5700000,
  6864,           0.9868640,      -19090.8400000,
  6865,           0.9868650,      -19090.0440000,
  6866,           0.9868660,      -19089.2810000,
  6867,           0.9868670,      -19088.4920000,
  6868,           0.9868680,      -19087.7400000,
  6869,           0.9868690,      -19087.0000000,
  6870,           0.9868700,      -19086.2420000,
  6871,           0.9868710,      -19085.4500000,
  6872,           0.9868720,      -19084.6900000,
  6873,           0.9868730,      -19083.9400000,
  6874,           0.9868740,      -19083.1640000,
  6875,           0.9868750,      -19082.4200000,
  6876,           0.9868760,      -19081.6200000,
  6877,           0.9868770,      -19080.8610000,
  6878,           0.9868780,      -19080.1200000,
  6879,           0.9868790,      -19079.3700000,
  6880,           0.9868800,      -19078.5700000,
  6881,           0.9868810,      -19077.8200000,
  6882,           0.9868820,      -19077.0800000,
  6883,           0.9868830,      -19076.2900000,
  6884,           0.9868840,      -19075.5440000,
  6885,           0.9868850,      -19074.7600000,
  6886,           0.9868860,      -19073.9940000,
  6887,           0.9868870,      -19073.2500000,
  6888,           0.9868880,      -19072.4920000,
  6889,           0.9868890,      -19071.7140000,
  6890,           0.9868900,      -19070.9330000,
  6891,           0.9868910,      -19070.2100000,
  6892,           0.9868920,      -19069.4300000,
  6893,           0.9868930,      -19068.6640000,
  6894,           0.9868940,      -19067.8900000,
  6895,           0.9868950,      -19067.1200000,
  6896,           0.9868960,      -19066.3800000,
  6897,           0.9868970,      -19065.6210000,
  6898,           0.9868980,      -19064.8140000,
  6899,           0.9868990,      -19064.0440000,
  6900,           0.9869000,      -19063.3410000,
  6901,           0.9869010,      -19062.5500000,
  6902,           0.9869020,      -19061.7800000,
  6903,           0.9869030,      -19061.0000000,
  6904,           0.9869040,      -19060.2420000,
  6905,           0.9869050,      -19059.4800000,
  6906,           0.9869060,      -19058.6900000,
  6907,           0.9869070,      -19057.9300000,
  6908,           0.9869080,      -19057.1600000,
  6909,           0.9869090,      -19056.4410000,
  6910,           0.9869100,      -19055.6520000,
  6911,           0.9869110,      -19054.8940000,
  6912,           0.9869120,      -19054.1200000,
  6913,           0.9869130,      -19053.3500000,
  6914,           0.9869140,      -19052.6200000,
  6915,           0.9869150,      -19051.8220000,
  6916,           0.9869160,      -19051.0500000,
  6917,           0.9869170,      -19050.2900000,
  6918,           0.9869180,      -19049.5740000,
  6919,           0.9869190,      -19048.7900000,
  6920,           0.9869200,      -19048.0010000,
  6921,           0.9869210,      -19047.2440000,
  6922,           0.9869220,      -19046.4940000,
  6923,           0.9869230,      -19045.7420000,
  6924,           0.9869240,      -19044.9600000,
  6925,           0.9869250,      -19044.2100000,
  6926,           0.9869260,      -19043.4300000,
  6927,           0.9869270,      -19042.7000000,
  6928,           0.9869280,      -19041.9000000,
  6929,           0.9869290,      -19041.1600000,
  6930,           0.9869300,      -19040.3920000,
  6931,           0.9869310,      -19039.5800000,
  6932,           0.9869320,      -19038.8630000,
  6933,           0.9869330,      -19038.0830000,
  6934,           0.9869340,      -19037.3040000,
  6935,           0.9869350,      -19036.5300000,
  6936,           0.9869360,      -19035.8220000,
  6937,           0.9869370,      -19035.0200000,
  6938,           0.9869380,      -19034.2600000,
  6939,           0.9869390,      -19033.4900000,
  6940,           0.9869400,      -19032.6910000,
  6941,           0.9869410,      -19031.9530000,
  6942,           0.9869420,      -19031.1810000,
  6943,           0.9869430,      -19030.4400000,
  6944,           0.9869440,      -19029.6500000,
  6945,           0.9869450,      -19028.9400000,
  6946,           0.9869460,      -19028.1420000,
  6947,           0.9869470,      -19027.3500000,
  6948,           0.9869480,      -19026.5820000,
  6949,           0.9869490,      -19025.7940000,
  6950,           0.9869500,      -19025.1000000,
  6951,           0.9869510,      -19024.3100000,
  6952,           0.9869520,      -19023.5300000,
  6953,           0.9869530,      -19022.7600000,
  6954,           0.9869540,      -19022.0420000,
  6955,           0.9869550,      -19021.2440000,
  6956,           0.9869560,      -19020.4600000,
  6957,           0.9869570,      -19019.7100000,
  6958,           0.9869580,      -19106.9620000,
  6959,           0.9869590,      -19106.2220000,
  6960,           0.9869600,      -19105.4530000,
  6961,           0.9869610,      -19104.6900000,
  6962,           0.9869620,      -19103.8940000,
  6963,           0.9869630,      -19103.1540000,
  6964,           0.9869640,      -19102.4020000,
  6965,           0.9869650,      -19101.6200000,
  6966,           0.9869660,      -19100.8410000,
  6967,           0.9869670,      -19100.0800000,
  6968,           0.9869680,      -19099.3610000,
  6969,           0.9869690,      -19098.5700000,
  6970,           0.9869700,      -19097.8000000,
  6971,           0.9869710,      -19097.0300000,
  6972,           0.9869720,      -19096.2530000,
  6973,           0.9869730,      -19095.4920000,
  6974,           0.9869740,      -19094.7140000,
  6975,           0.9869750,      -19093.9700000,
  6976,           0.9869760,      -19093.1900000,
  6977,           0.9869770,      -19092.4500000,
  6978,           0.9869780,      -19091.6500000,
  6979,           0.9869790,      -19090.8700000,
  6980,           0.9869800,      -19090.1100000,
  6981,           0.9869810,      -19089.3500000,
  6982,           0.9869820,      -19088.6130000,
  6983,           0.9869830,      -19087.8100000,
  6984,           0.9869840,      -19087.0400000,
  6985,           0.9869850,      -19086.2600000,
  6986,           0.9869860,      -19085.5300000,
  6987,           0.9869870,      -19084.7400000,
  6988,           0.9869880,      -19083.9720000,
  6989,           0.9869890,      -19083.1830000,
  6990,           0.9869900,      -19082.4500000,
  6991,           0.9869910,      -19081.6800000,
  6992,           0.9869920,      -19080.8900000,
  6993,           0.9869930,      -19080.1500000,
  6994,           0.9869940,      -19079.3430000,
  6995,           0.9869950,      -19078.6000000,
  6996,           0.9869960,      -19077.8300000,
  6997,           0.9869970,      -19077.0210000,
  6998,           0.9869980,      -19076.2700000,
  6999,           0.9869990,      -19075.5540000,
  7000,           0.9870000,      -19074.7830000,
  7001,           0.9870010,      -19065.7610000,
  7002,           0.9870020,      -19065.0210000,
  7003,           0.9870030,      -19064.2200000,
  7004,           0.9870040,      -19063.4600000,
  7005,           0.9870050,      -19062.7100000,
  7006,           0.9870060,      -19061.9230000,
  7007,           0.9870070,      -19061.1620000,
  7008,           0.9870080,      -19060.4000000,
  7009,           0.9870090,      -19059.6200000,
  7010,           0.9870100,      -19058.8610000,
  7011,           0.9870110,      -19058.0600000,
  7012,           0.9870120,      -19057.2910000,
  7013,           0.9870130,      -19056.5700000,
  7014,           0.9870140,      -19055.7800000,
  7015,           0.9870150,      -19054.9820000,
  7016,           0.9870160,      -19054.2600000,
  7017,           0.9870170,      -19053.4920000,
  7018,           0.9870180,      -19052.7140000,
  7019,           0.9870190,      -19051.9300000,
  7020,           0.9870200,      -19051.1520000,
  7021,           0.9870210,      -19050.4000000,
  7022,           0.9870220,      -19049.6500000,
  7023,           0.9870230,      -19048.8900000,
  7024,           0.9870240,      -19048.0910000,
  7025,           0.9870250,      -19047.3200000,
  7026,           0.9870260,      -19046.5820000,
  7027,           0.9870270,      -19045.8000000,
  7028,           0.9870280,      -19045.0210000,
  7029,           0.9870290,      -19044.2240000,
  7030,           0.9870300,      -19043.4700000,
  7031,           0.9870310,      -19042.7220000,
  7032,           0.9870320,      -19041.9510000,
  7033,           0.9870330,      -19041.1620000,
  7034,           0.9870340,      -19040.3700000,
  7035,           0.9870350,      -19039.6400000,
  7036,           0.9870360,      -19038.8530000,
  7037,           0.9870370,      -19038.1000000,
  7038,           0.9870380,      -19037.3200000,
  7039,           0.9870390,      -19036.5500000,
  7040,           0.9870400,      -19035.8000000,
  7041,           0.9870410,      -19035.0400000,
  7042,           0.9870420,      -19034.2240000,
  7043,           0.9870430,      -19033.4400000,
  7044,           0.9870440,      -19032.7240000,
  7045,           0.9870450,      -19031.9300000,
  7046,           0.9870460,      -19031.1700000,
  7047,           0.9870470,      -19030.3740000,
  7048,           0.9870480,      -19029.6600000,
  7049,           0.9870490,      -19028.8800000,
  7050,           0.9870500,      -19028.1000000,
  7051,           0.9870510,      -19027.3100000,
  7052,           0.9870520,      -19026.5110000,
  7053,           0.9870530,      -19025.8000000,
  7054,           0.9870540,      -19025.0130000,
  7055,           0.9870550,      -19024.2340000,
  7056,           0.9870560,      -19015.2700000,
  7057,           0.9870570,      -19014.5200000,
  7058,           0.9870580,      -19013.7600000,
  7059,           0.9870590,      -19012.9740000,
  7060,           0.9870600,      -19012.1900000,
  7061,           0.9870610,      -19011.4020000,
  7062,           0.9870620,      -19010.6600000,
  7063,           0.9870630,      -19009.8700000,
  7064,           0.9870640,      -19009.1130000,
  7065,           0.9870650,      -19008.3200000,
  7066,           0.9870660,      -19007.5800000,
  7067,           0.9870670,      -19006.8100000,
  7068,           0.9870680,      -19006.0230000,
  7069,           0.9870690,      -19005.2340000,
  7070,           0.9870700,      -19004.4430000,
  7071,           0.9870710,      -19003.7300000,
  7072,           0.9870720,      -19002.9330000,
  7073,           0.9870730,      -19002.1400000,
  7074,           0.9870740,      -19001.3610000,
  7075,           0.9870750,      -19000.6030000,
  7076,           0.9870760,      -18999.8320000,
  7077,           0.9870770,      -18999.0540000,
  7078,           0.9870780,      -18998.2910000,
  7079,           0.9870790,      -18997.4800000,
  7080,           0.9870800,      -18996.7220000,
  7081,           0.9870810,      -18995.9820000,
  7082,           0.9870820,      -18995.1830000,
  7083,           0.9870830,      -18994.4140000,
  7084,           0.9870840,      -18993.6640000,
  7085,           0.9870850,      -18992.9000000,
  7086,           0.9870860,      -18992.1000000,
  7087,           0.9870870,      -18991.3140000,
  7088,           0.9870880,      -18990.5520000,
  7089,           0.9870890,      -18989.7920000,
  7090,           0.9870900,      -18989.0420000,
  7091,           0.9870910,      -18988.2300000,
  7092,           0.9870920,      -18987.4600000,
  7093,           0.9870930,      -18986.7030000,
  7094,           0.9870940,      -18985.9210000,
  7095,           0.9870950,      -18985.1600000,
  7096,           0.9870960,      -18984.3630000,
  7097,           0.9870970,      -18983.5820000,
  7098,           0.9870980,      -18982.8600000,
  7099,           0.9870990,      -18982.0740000,
  7100,           0.9871000,      -18981.2830000,
  7101,           0.9871010,      -18980.5200000,
  7102,           0.9871020,      -18979.7600000,
  7103,           0.9871030,      -18978.9700000,
  7104,           0.9871040,      -18978.2000000,
  7105,           0.9871050,      -18977.4200000,
  7106,           0.9871060,      -18976.6300000,
  7107,           0.9871070,      -18975.8940000,
  7108,           0.9871080,      -18975.1210000,
  7109,           0.9871090,      -18974.3300000,
  7110,           0.9871100,      -18973.5130000,
  7111,           0.9871110,      -18972.8120000,
  7112,           0.9871120,      -18972.0030000,
  7113,           0.9871130,      -18971.2420000,
  7114,           0.9871140,      -18970.4430000,
  7115,           0.9871150,      -18969.6910000,
  7116,           0.9871160,      -18968.9410000,
  7117,           0.9871170,      -19056.1700000,
  7118,           0.9871180,      -19055.4100000,
  7119,           0.9871190,      -19054.6000000,
  7120,           0.9871200,      -19053.8920000,
  7121,           0.9871210,      -19053.1010000,
  7122,           0.9871220,      -19052.3400000,
  7123,           0.9871230,      -19051.5300000,
  7124,           0.9871240,      -19050.7320000,
  7125,           0.9871250,      -19050.0100000,
  7126,           0.9871260,      -19049.2000000,
  7127,           0.9871270,      -19048.4410000,
  7128,           0.9871280,      -19047.6600000,
  7129,           0.9871290,      -19046.9200000,
  7130,           0.9871300,      -19046.1400000,
  7131,           0.9871310,      -19045.3710000,
  7132,           0.9871320,      -19044.5500000,
  7133,           0.9871330,      -19043.7830000,
  7134,           0.9871340,      -19043.0700000,
  7135,           0.9871350,      -19042.2600000,
  7136,           0.9871360,      -19041.4900000,
  7137,           0.9871370,      -19040.7010000,
  7138,           0.9871380,      -19039.9800000,
  7139,           0.9871390,      -19039.1800000,
  7140,           0.9871400,      -19038.3840000,
  7141,           0.9871410,      -19037.6230000,
  7142,           0.9871420,      -19036.7920000,
  7143,           0.9871430,      -19036.0830000,
  7144,           0.9871440,      -19035.3020000,
  7145,           0.9871450,      -19034.5110000,
  7146,           0.9871460,      -19033.7200000,
  7147,           0.9871470,      -19032.9820000,
  7148,           0.9871480,      -19032.2300000,
  7149,           0.9871490,      -19031.4300000,
  7150,           0.9871500,      -19030.6710000,
  7151,           0.9871510,      -19029.8600000,
  7152,           0.9871520,      -19029.1320000,
  7153,           0.9871530,      -19028.3610000,
  7154,           0.9871540,      -19027.5620000,
  7155,           0.9871550,      -19026.7730000,
  7156,           0.9871560,      -19026.0300000,
  7157,           0.9871570,      -19025.2800000,
  7158,           0.9871580,      -19024.4700000,
  7159,           0.9871590,      -19023.7100000,
  7160,           0.9871600,      -19022.9100000,
  7161,           0.9871610,      -19022.1500000,
  7162,           0.9871620,      -19021.3900000,
  7163,           0.9871630,      -19020.6100000,
  7164,           0.9871640,      -19019.7940000,
  7165,           0.9871650,      -19019.0830000,
  7166,           0.9871660,      -19106.3300000,
  7167,           0.9871670,      -19105.5330000,
  7168,           0.9871680,      -19104.7400000,
  7169,           0.9871690,      -19103.9640000,
  7170,           0.9871700,      -19103.2300000,
  7171,           0.9871710,      -19102.4500000,
  7172,           0.9871720,      -19101.6300000,
  7173,           0.9871730,      -19100.8920000,
  7174,           0.9871740,      -19100.1300000,
  7175,           0.9871750,      -19099.3330000,
  7176,           0.9871760,      -19098.5700000,
  7177,           0.9871770,      -19097.7600000,
  7178,           0.9871780,      -19096.9820000,
  7179,           0.9871790,      -19096.2500000,
  7180,           0.9871800,      -19095.4700000,
  7181,           0.9871810,      -19094.7000000,
  7182,           0.9871820,      -19093.8920000,
  7183,           0.9871830,      -19093.1620000,
  7184,           0.9871840,      -19092.3740000,
  7185,           0.9871850,      -19091.6100000,
  7186,           0.9871860,      -19090.8020000,
  7187,           0.9871870,      -19090.0300000,
  7188,           0.9871880,      -19089.2900000,
  7189,           0.9871890,      -19088.5010000,
  7190,           0.9871900,      -19087.7320000,
  7191,           0.9871910,      -19086.9300000,
  7192,           0.9871920,      -19086.2100000,
  7193,           0.9871930,      -19085.4230000,
  7194,           0.9871940,      -19084.6420000,
  7195,           0.9871950,      -19083.8610000,
  7196,           0.9871960,      -19083.0800000,
  7197,           0.9871970,      -19082.3300000,
  7198,           0.9871980,      -19081.5300000,
  7199,           0.9871990,      -19080.7600000,
  7200,           0.9872000,      -19079.9600000,
  7201,           0.9872010,      -19079.2500000,
  7202,           0.9872020,      -19078.4510000,
  7203,           0.9872030,      -19077.6640000,
  7204,           0.9872040,      -19076.8800000,
  7205,           0.9872050,      -19067.9500000,
  7206,           0.9872060,      -19067.2120000,
  7207,           0.9872070,      -19066.4210000,
  7208,           0.9872080,      -19065.6420000,
  7209,           0.9872090,      -19064.8400000,
  7210,           0.9872100,      -19064.1210000,
  7211,           0.9872110,      -19063.3400000,
  7212,           0.9872120,      -19062.5200000,
  7213,           0.9872130,      -19061.7600000,
  7214,           0.9872140,      -19060.9600000,
  7215,           0.9872150,      -19060.2340000,
  7216,           0.9872160,      -19059.4600000,
  7217,           0.9872170,      -19058.6800000,
  7218,           0.9872180,      -19057.8800000,
  7219,           0.9872190,      -19057.1300000,
  7220,           0.9872200,      -19056.3630000,
  7221,           0.9872210,      -19055.5700000,
  7222,           0.9872220,      -19054.7900000,
  7223,           0.9872230,      -19053.9840000,
  7224,           0.9872240,      -19053.2700000,
  7225,           0.9872250,      -19052.4800000,
  7226,           0.9872260,      -19051.6800000,
  7227,           0.9872270,      -19050.9230000,
  7228,           0.9872280,      -19050.1500000,
  7229,           0.9872290,      -19049.3820000,
  7230,           0.9872300,      -19048.5740000,
  7231,           0.9872310,      -19047.8000000,
  7232,           0.9872320,      -19047.0210000,
  7233,           0.9872330,      -19046.2800000,
  7234,           0.9872340,      -19045.4920000,
  7235,           0.9872350,      -19044.7000000,
  7236,           0.9872360,      -19043.9300000,
  7237,           0.9872370,      -19131.2000000,
  7238,           0.9872380,      -19130.4410000,
  7239,           0.9872390,      -19129.6520000,
  7240,           0.9872400,      -19128.8430000,
  7241,           0.9872410,      -19128.0820000,
  7242,           0.9872420,      -19127.3300000,
  7243,           0.9872430,      -19126.5400000,
  7244,           0.9872440,      -19125.7500000,
  7245,           0.9872450,      -19124.9700000,
  7246,           0.9872460,      -19124.2530000,
  7247,           0.9872470,      -19123.4500000,
  7248,           0.9872480,      -19122.6700000,
  7249,           0.9872490,      -19121.8800000,
  7250,           0.9872500,      -19121.1620000,
  7251,           0.9872510,      -19120.3510000,
  7252,           0.9872520,      -19119.6000000,
  7253,           0.9872530,      -19118.7800000,
  7254,           0.9872540,      -19117.9800000,
  7255,           0.9872550,      -19117.2610000,
  7256,           0.9872560,      -19116.4620000,
  7257,           0.9872570,      -19107.4620000,
  7258,           0.9872580,      -19194.7000000,
  7259,           0.9872590,      -19193.9200000,
  7260,           0.9872600,      -19193.1700000,
  7261,           0.9872610,      -19192.3700000,
  7262,           0.9872620,      -19191.5800000,
  7263,           0.9872630,      -19190.7900000,
  7264,           0.9872640,      -19190.0620000,
  7265,           0.9872650,      -19189.2630000,
  7266,           0.9872660,      -19188.4700000,
  7267,           0.9872670,      -19187.7100000,
  7268,           0.9872680,      -19186.9410000,
  7269,           0.9872690,      -19186.1800000,
  7270,           0.9872700,      -19185.3730000,
  7271,           0.9872710,      -19184.6000000,
  7272,           0.9872720,      -19183.8100000,
  7273,           0.9872730,      -19183.0800000,
  7274,           0.9872740,      -19182.2910000,
  7275,           0.9872750,      -19181.5000000,
  7276,           0.9872760,      -19180.7300000,
  7277,           0.9872770,      -19179.9700000,
  7278,           0.9872780,      -19179.1900000,
  7279,           0.9872790,      -19178.3840000,
  7280,           0.9872800,      -19177.6010000,
  7281,           0.9872810,      -19176.8200000,
  7282,           0.9872820,      -19176.0820000,
  7283,           0.9872830,      -19175.3220000,
  7284,           0.9872840,      -19174.5200000,
  7285,           0.9872850,      -19173.7400000,
  7286,           0.9872860,      -19173.0100000,
  7287,           0.9872870,      -19172.2120000,
  7288,           0.9872880,      -19259.4500000,
  7289,           0.9872890,      -19258.6640000,
  7290,           0.9872900,      -19257.8630000,
  7291,           0.9872910,      -19257.1100000,
  7292,           0.9872920,      -19256.3700000,
  7293,           0.9872930,      -19255.5400000,
  7294,           0.9872940,      -19254.7500000,
  7295,           0.9872950,      -19254.0310000,
  7296,           0.9872960,      -19253.2200000,
  7297,           0.9872970,      -19252.4510000,
  7298,           0.9872980,      -19251.6440000,
  7299,           0.9872990,      -19250.8920000,
  7300,           0.9873000,      -19250.1320000,
  7301,           0.9873010,      -19249.3400000,
  7302,           0.9873020,      -19248.5440000,
  7303,           0.9873030,      -19247.7600000,
  7304,           0.9873040,      -19247.0330000,
  7305,           0.9873050,      -19246.2200000,
  7306,           0.9873060,      -19245.4600000,
  7307,           0.9873070,      -19244.6640000,
  7308,           0.9873080,      -19243.8700000,
  7309,           0.9873090,      -19243.1300000,
  7310,           0.9873100,      -19242.3500000,
  7311,           0.9873110,      -19241.5700000,
  7312,           0.9873120,      -19240.7730000,
  7313,           0.9873130,      -19240.0540000,
  7314,           0.9873140,      -19239.2340000,
  7315,           0.9873150,      -19238.4600000,
  7316,           0.9873160,      -19237.6700000,
  7317,           0.9873170,      -19236.8740000,
  7318,           0.9873180,      -19236.1620000,
  7319,           0.9873190,      -19235.3530000,
  7320,           0.9873200,      -19234.5740000,
  7321,           0.9873210,      -19233.7700000,
  7322,           0.9873220,      -19233.0300000,
  7323,           0.9873230,      -19232.2320000,
  7324,           0.9873240,      -19231.4500000,
  7325,           0.9873250,      -19230.6800000,
  7326,           0.9873260,      -19229.8700000,
  7327,           0.9873270,      -19229.1300000,
  7328,           0.9873280,      -19228.3320000,
  7329,           0.9873290,      -19227.5400000,
  7330,           0.9873300,      -19226.7700000,
  7331,           0.9873310,      -19226.0110000,
  7332,           0.9873320,      -19225.2420000,
  7333,           0.9873330,      -19224.4300000,
  7334,           0.9873340,      -19223.6400000,
  7335,           0.9873350,      -19222.8800000,
  7336,           0.9873360,      -19222.1200000,
  7337,           0.9873370,      -19221.3500000,
  7338,           0.9873380,      -19220.5440000,
  7339,           0.9873390,      -19219.7800000,
  7340,           0.9873400,      -19219.0210000,
  7341,           0.9873410,      -19218.2100000,
  7342,           0.9873420,      -19217.4400000,
  7343,           0.9873430,      -19216.6620000,
  7344,           0.9873440,      -19215.8820000,
  7345,           0.9873450,      -19215.1030000,
  7346,           0.9873460,      -19214.3430000,
  7347,           0.9873470,      -19213.5620000,
  7348,           0.9873480,      -19212.7400000,
  7349,           0.9873490,      -19212.0300000,
  7350,           0.9873500,      -19211.2200000,
  7351,           0.9873510,      -19210.4500000,
  7352,           0.9873520,      -19209.6520000,
  7353,           0.9873530,      -19208.8800000,
  7354,           0.9873540,      -19208.1210000,
  7355,           0.9873550,      -19207.3120000,
  7356,           0.9873560,      -19206.5310000,
  7357,           0.9873570,      -19205.7240000,
  7358,           0.9873580,      -19205.0100000,
  7359,           0.9873590,      -19204.1800000,
  7360,           0.9873600,      -19203.4100000,
  7361,           0.9873610,      -19202.6200000,
  7362,           0.9873620,      -19201.8140000,
  7363,           0.9873630,      -19201.0800000,
  7364,           0.9873640,      -19200.2710000,
  7365,           0.9873650,      -19199.4800000,
  7366,           0.9873660,      -19198.6900000,
  7367,           0.9873670,      -19197.9400000,
  7368,           0.9873680,      -19197.1400000,
  7369,           0.9873690,      -19196.3500000,
  7370,           0.9873700,      -19195.5800000,
  7371,           0.9873710,      -19194.7600000,
  7372,           0.9873720,      -19194.0210000,
  7373,           0.9873730,      -19193.2300000,
  7374,           0.9873740,      -19192.4310000,
  7375,           0.9873750,      -19191.6700000,
  7376,           0.9873760,      -19190.8900000,
  7377,           0.9873770,      -19190.1210000,
  7378,           0.9873780,      -19189.3020000,
  7379,           0.9873790,      -19188.5440000,
  7380,           0.9873800,      -19187.7320000,
  7381,           0.9873810,      -19186.9800000,
  7382,           0.9873820,      -19186.2200000,
  7383,           0.9873830,      -19185.4020000,
  7384,           0.9873840,      -19184.6200000,
  7385,           0.9873850,      -19183.8800000,
  7386,           0.9873860,      -19183.0900000,
  7387,           0.9873870,      -19182.2800000,
  7388,           0.9873880,      -19181.4800000,
  7389,           0.9873890,      -19180.6930000,
  7390,           0.9873900,      -19179.9400000,
  7391,           0.9873910,      -19179.1700000,
  7392,           0.9873920,      -19178.3510000,
  7393,           0.9873930,      -19177.5520000,
  7394,           0.9873940,      -19176.8240000,
  7395,           0.9873950,      -19176.0100000,
  7396,           0.9873960,      -19175.2300000,
  7397,           0.9873970,      -19174.4310000,
  7398,           0.9873980,      -19173.6500000,
  7399,           0.9873990,      -19172.8820000,
  7400,           0.9874000,      -19172.0820000,
  7401,           0.9874010,      -19171.3000000,
  7402,           0.9874020,      -19170.4800000,
  7403,           0.9874030,      -19169.7800000,
  7404,           0.9874040,      -19168.9330000,
  7405,           0.9874050,      -19168.1600000,
  7406,           0.9874060,      -19167.3700000,
  7407,           0.9874070,      -19166.5540000,
  7408,           0.9874080,      -19165.8200000,
  7409,           0.9874090,      -19165.0100000,
  7410,           0.9874100,      -19164.2300000,
  7411,           0.9874110,      -19163.4230000,
  7412,           0.9874120,      -19162.6830000,
  7413,           0.9874130,      -19161.8820000,
  7414,           0.9874140,      -19161.0700000,
  7415,           0.9874150,      -19160.2900000,
  7416,           0.9874160,      -19159.4800000,
  7417,           0.9874170,      -19158.7600000,
  7418,           0.9874180,      -19157.9400000,
  7419,           0.9874190,      -19157.1520000,
  7420,           0.9874200,      -19156.3410000,
  7421,           0.9874210,      -19155.5800000,
  7422,           0.9874220,      -19154.8020000,
  7423,           0.9874230,      -19154.0200000,
  7424,           0.9874240,      -19153.2000000,
  7425,           0.9874250,      -19152.4100000,
  7426,           0.9874260,      -19151.6600000,
  7427,           0.9874270,      -19150.8610000,
  7428,           0.9874280,      -19150.0700000,
  7429,           0.9874290,      -19149.3000000,
  7430,           0.9874300,      -19148.5200000,
  7431,           0.9874310,      -19147.7500000,
  7432,           0.9874320,      -19146.9510000,
  7433,           0.9874330,      -19146.1230000,
  7434,           0.9874340,      -19145.3430000,
  7435,           0.9874350,      -19144.5740000,
  7436,           0.9874360,      -19143.7900000,
  7437,           0.9874370,      -19143.0000000,
  7438,           0.9874380,      -19142.2140000,
  7439,           0.9874390,      -19141.4510000,
  7440,           0.9874400,      -19140.6400000,
  7441,           0.9874410,      -19139.8710000,
  7442,           0.9874420,      -19139.0600000,
  7443,           0.9874430,      -19138.3100000,
  7444,           0.9874440,      -19137.5100000,
  7445,           0.9874450,      -19136.7000000,
  7446,           0.9874460,      -19135.9300000,
  7447,           0.9874470,      -19135.1110000,
  7448,           0.9874480,      -19134.3800000,
  7449,           0.9874490,      -19133.5720000,
  7450,           0.9874500,      -19132.8000000,
  7451,           0.9874510,      -19131.9700000,
  7452,           0.9874520,      -19131.2120000,
  7453,           0.9874530,      -19130.4210000,
  7454,           0.9874540,      -19129.6300000,
  7455,           0.9874550,      -19128.8320000,
  7456,           0.9874560,      -19128.0100000,
  7457,           0.9874570,      -19127.2600000,
  7458,           0.9874580,      -19126.4900000,
  7459,           0.9874590,      -19125.6900000,
  7460,           0.9874600,      -19124.9040000,
  7461,           0.9874610,      -19124.1320000,
  7462,           0.9874620,      -19123.3430000,
  7463,           0.9874630,      -19122.5210000,
  7464,           0.9874640,      -19121.7400000,
  7465,           0.9874650,      -19120.9430000,
  7466,           0.9874660,      -19120.1700000,
  7467,           0.9874670,      -19119.3900000,
  7468,           0.9874680,      -19118.6010000,
  7469,           0.9874690,      -19117.8020000,
  7470,           0.9874700,      -19117.0500000,
  7471,           0.9874710,      -19116.2510000,
  7472,           0.9874720,      -19115.4640000,
  7473,           0.9874730,      -19114.6500000,
  7474,           0.9874740,      -19113.8600000,
  7475,           0.9874750,      -19113.1130000,
  7476,           0.9874760,      -19112.2900000,
  7477,           0.9874770,      -19111.5030000,
  7478,           0.9874780,      -19110.7010000,
  7479,           0.9874790,      -19109.9600000,
  7480,           0.9874800,      -19109.1500000,
  7481,           0.9874810,      -19108.3820000,
  7482,           0.9874820,      -19107.5500000,
  7483,           0.9874830,      -19106.7600000,
  7484,           0.9874840,      -19106.0100000,
  7485,           0.9874850,      -19105.2010000,
  7486,           0.9874860,      -19104.4330000,
  7487,           0.9874870,      -19103.6200000,
  7488,           0.9874880,      -19102.8800000,
  7489,           0.9874890,      -19102.0600000,
  7490,           0.9874900,      -19101.2530000,
  7491,           0.9874910,      -19100.4600000,
  7492,           0.9874920,      -19099.6620000,
  7493,           0.9874930,      -19098.9200000,
  7494,           0.9874940,      -19098.1100000,
  7495,           0.9874950,      -19097.3120000,
  7496,           0.9874960,      -19096.5200000,
  7497,           0.9874970,      -19095.7510000,
  7498,           0.9874980,      -19094.9800000,
  7499,           0.9874990,      -19094.1620000,
  7500,           0.9875000,      -19093.3800000,
  7501,           0.9875010,      -19092.5800000,
  7502,           0.9875020,      -19091.8040000,
  7503,           0.9875030,      -19091.0500000,
  7504,           0.9875040,      -19090.2300000,
  7505,           0.9875050,      -19089.4300000,
  7506,           0.9875060,      -19088.6830000,
  7507,           0.9875070,      -19087.8700000,
  7508,           0.9875080,      -19087.0640000,
  7509,           0.9875090,      -19086.2600000,
  7510,           0.9875100,      -19085.4840000,
  7511,           0.9875110,      -19084.7320000,
  7512,           0.9875120,      -19083.9500000,
  7513,           0.9875130,      -19083.1210000,
  7514,           0.9875140,      -19082.3200000,
  7515,           0.9875150,      -19081.5930000,
  7516,           0.9875160,      -19080.7730000,
  7517,           0.9875170,      -19079.9900000,
  7518,           0.9875180,      -19167.2010000,
  7519,           0.9875190,      -19166.4300000,
  7520,           0.9875200,      -19165.6700000,
  7521,           0.9875210,      -19164.8330000,
  7522,           0.9875220,      -19164.0600000,
  7523,           0.9875230,      -19163.2500000,
  7524,           0.9875240,      -19162.5100000,
  7525,           0.9875250,      -19161.7100000,
  7526,           0.9875260,      -19160.8800000,
  7527,           0.9875270,      -19160.0900000,
  7528,           0.9875280,      -19159.2940000,
  7529,           0.9875290,      -19158.5600000,
  7530,           0.9875300,      -19157.7300000,
  7531,           0.9875310,      -19156.9600000,
  7532,           0.9875320,      -19156.1400000,
  7533,           0.9875330,      -19155.3800000,
  7534,           0.9875340,      -19154.6110000,
  7535,           0.9875350,      -19153.7830000,
  7536,           0.9875360,      -19152.9840000,
  7537,           0.9875370,      -19152.2000000,
  7538,           0.9875380,      -19151.4300000,
  7539,           0.9875390,      -19150.6600000,
  7540,           0.9875400,      -19149.8500000,
  7541,           0.9875410,      -19149.0300000,
  7542,           0.9875420,      -19148.2900000,
  7543,           0.9875430,      -19147.5100000,
  7544,           0.9875440,      -19146.6930000,
  7545,           0.9875450,      -19233.9020000,
  7546,           0.9875460,      -19233.1320000,
  7547,           0.9875470,      -19232.3500000,
  7548,           0.9875480,      -19231.5740000,
  7549,           0.9875490,      -19230.7500000,
  7550,           0.9875500,      -19229.9430000,
  7551,           0.9875510,      -19229.2000000,
  7552,           0.9875520,      -19228.3820000,
  7553,           0.9875530,      -19227.6110000,
  7554,           0.9875540,      -19226.8040000,
  7555,           0.9875550,      -19226.0000000,
  7556,           0.9875560,      -19225.2400000,
  7557,           0.9875570,      -19224.4400000,
  7558,           0.9875580,      -19223.6440000,
  7559,           0.9875590,      -19222.8320000,
  7560,           0.9875600,      -19222.1000000,
  7561,           0.9875610,      -19309.3100000,
  7562,           0.9875620,      -19308.5100000,
  7563,           0.9875630,      -19307.7100000,
  7564,           0.9875640,      -19306.9020000,
  7565,           0.9875650,      -19306.1800000,
  7566,           0.9875660,      -19305.3610000,
  7567,           0.9875670,      -19304.5800000,
  7568,           0.9875680,      -19303.7700000,
  7569,           0.9875690,      -19303.0100000,
  7570,           0.9875700,      -19302.2200000,
  7571,           0.9875710,      -19301.3920000,
  7572,           0.9875720,      -19300.6230000,
  7573,           0.9875730,      -19299.8100000,
  7574,           0.9875740,      -19299.0300000,
  7575,           0.9875750,      -19298.2500000,
  7576,           0.9875760,      -19297.4430000,
  7577,           0.9875770,      -19296.6520000,
  7578,           0.9875780,      -19295.8840000,
  7579,           0.9875790,      -19295.1010000,
  7580,           0.9875800,      -19294.3100000,
  7581,           0.9875810,      -19293.4840000,
  7582,           0.9875820,      -19292.7010000,
  7583,           0.9875830,      -19291.9200000,
  7584,           0.9875840,      -19291.1440000,
  7585,           0.9875850,      -19290.3100000,
  7586,           0.9875860,      -19289.5400000,
  7587,           0.9875870,      -19288.7730000,
  7588,           0.9875880,      -19287.9500000,
  7589,           0.9875890,      -19287.1700000,
  7590,           0.9875900,      -19286.3600000,
  7591,           0.9875910,      -19285.5700000,
  7592,           0.9875920,      -19284.8100000,
  7593,           0.9875930,      -19284.0030000,
  7594,           0.9875940,      -19283.2100000,
  7595,           0.9875950,      -19282.4100000,
  7596,           0.9875960,      -19281.6500000,
  7597,           0.9875970,      -19280.8430000,
  7598,           0.9875980,      -19280.0620000,
  7599,           0.9875990,      -19279.2500000,
  7600,           0.9876000,      -19278.4300000,
  7601,           0.9876010,      -19277.6810000,
  7602,           0.9876020,      -19276.8710000,
  7603,           0.9876030,      -19276.0740000,
  7604,           0.9876040,      -19275.2510000,
  7605,           0.9876050,      -19274.4900000,
  7606,           0.9876060,      -19273.7200000,
  7607,           0.9876070,      -19272.9020000,
  7608,           0.9876080,      -19272.0930000,
  7609,           0.9876090,      -19271.2900000,
  7610,           0.9876100,      -19270.5010000,
  7611,           0.9876110,      -19269.7140000,
  7612,           0.9876120,      -19268.9200000,
  7613,           0.9876130,      -19268.1000000,
  7614,           0.9876140,      -19267.3500000,
  7615,           0.9876150,      -19266.5500000,
  7616,           0.9876160,      -19265.7320000,
  7617,           0.9876170,      -19264.9300000,
  7618,           0.9876180,      -19264.1230000,
  7619,           0.9876190,      -19263.3530000,
  7620,           0.9876200,      -19262.5800000,
  7621,           0.9876210,      -19261.7500000,
  7622,           0.9876220,      -19348.9600000,
  7623,           0.9876230,      -19348.2100000,
  7624,           0.9876240,      -19347.4000000,
  7625,           0.9876250,      -19346.6100000,
  7626,           0.9876260,      -19345.7830000,
  7627,           0.9876270,      -19344.9900000,
  7628,           0.9876280,      -19344.2300000,
  7629,           0.9876290,      -19343.3800000,
  7630,           0.9876300,      -19342.6010000,
  7631,           0.9876310,      -19341.7900000,
  7632,           0.9876320,      -19341.0410000,
  7633,           0.9876330,      -19340.2220000,
  7634,           0.9876340,      -19339.4120000,
  7635,           0.9876350,      -19338.6100000,
  7636,           0.9876360,      -19337.8100000,
  7637,           0.9876370,      -19337.0400000,
  7638,           0.9876380,      -19424.2400000,
  7639,           0.9876390,      -19423.4430000,
  7640,           0.9876400,      -19422.6200000,
  7641,           0.9876410,      -19421.8510000,
  7642,           0.9876420,      -19421.0540000,
  7643,           0.9876430,      -19420.2320000,
  7644,           0.9876440,      -19419.4500000,
  7645,           0.9876450,      -19418.6730000,
  7646,           0.9876460,      -19417.8500000,
  7647,           0.9876470,      -19417.0600000,
  7648,           0.9876480,      -19416.2140000,
  7649,           0.9876490,      -19415.4300000,
  7650,           0.9876500,      -19414.6300000,
  7651,           0.9876510,      -19413.8500000,
  7652,           0.9876520,      -19413.0300000,
  7653,           0.9876530,      -19412.2000000,
  7654,           0.9876540,      -19411.4400000,
  7655,           0.9876550,      -19410.6210000,
  7656,           0.9876560,      -19409.8200000,
  7657,           0.9876570,      -19408.9920000,
  7658,           0.9876580,      -19408.1700000,
  7659,           0.9876590,      -19407.4210000,
  7660,           0.9876600,      -19406.6130000,
  7661,           0.9876610,      -19405.8200000,
  7662,           0.9876620,      -19404.9800000,
  7663,           0.9876630,      -19404.2200000,
  7664,           0.9876640,      -19403.4200000,
  7665,           0.9876650,      -19402.5910000,
  7666,           0.9876660,      -19401.8000000,
  7667,           0.9876670,      -19400.9510000,
  7668,           0.9876680,      -19400.2240000,
  7669,           0.9876690,      -19399.3800000,
  7670,           0.9876700,      -19398.5600000,
  7671,           0.9876710,      -19397.7600000,
  7672,           0.9876720,      -19396.9800000,
  7673,           0.9876730,      -19396.1900000,
  7674,           0.9876740,      -19395.3730000,
  7675,           0.9876750,      -19394.5540000,
  7676,           0.9876760,      -19393.7400000,
  7677,           0.9876770,      -19392.9530000,
  7678,           0.9876780,      -19392.1700000,
  7679,           0.9876790,      -19391.3400000,
  7680,           0.9876800,      -19390.5100000,
  7681,           0.9876810,      -19389.7440000,
  7682,           0.9876820,      -19388.9120000,
  7683,           0.9876830,      -19388.1130000,
  7684,           0.9876840,      -19387.3000000,
  7685,           0.9876850,      -19386.4820000,
  7686,           0.9876860,      -19385.7030000,
  7687,           0.9876870,      -19384.9100000,
  7688,           0.9876880,      -19384.0720000,
  7689,           0.9876890,      -19383.2530000,
  7690,           0.9876900,      -19382.5030000,
  7691,           0.9876910,      -19381.6910000,
  7692,           0.9876920,      -19380.8800000,
  7693,           0.9876930,      -19380.0620000,
  7694,           0.9876940,      -19379.2400000,
  7695,           0.9876950,      -19378.4900000,
  7696,           0.9876960,      -19377.6500000,
  7697,           0.9876970,      -19376.8500000,
  7698,           0.9876980,      -19376.0230000,
  7699,           0.9876990,      -19375.2530000,
  7700,           0.9877000,      -19374.4600000,
  7701,           0.9877010,      -19373.6200000,
  7702,           0.9877020,      -19460.8430000,
  7703,           0.9877030,      -19460.0230000,
  7704,           0.9877040,      -19459.2400000,
  7705,           0.9877050,      -19458.4210000,
  7706,           0.9877060,      -19457.6110000,
  7707,           0.9877070,      -19456.8140000,
  7708,           0.9877080,      -19456.0540000,
  7709,           0.9877090,      -19455.2200000,
  7710,           0.9877100,      -19454.4210000,
  7711,           0.9877110,      -19453.5820000,
  7712,           0.9877120,      -19452.7730000,
  7713,           0.9877130,      -19452.0130000,
  7714,           0.9877140,      -19451.1910000,
  7715,           0.9877150,      -19450.3600000,
  7716,           0.9877160,      -19449.5440000,
  7717,           0.9877170,      -19448.8000000,
  7718,           0.9877180,      -19447.9620000,
  7719,           0.9877190,      -19447.1620000,
  7720,           0.9877200,      -19446.3300000,
  7721,           0.9877210,      -19445.5010000,
  7722,           0.9877220,      -19444.7530000,
  7723,           0.9877230,      -19443.9600000,
  7724,           0.9877240,      -19443.1300000,
  7725,           0.9877250,      -19442.3040000,
  7726,           0.9877260,      -19441.5410000,
  7727,           0.9877270,      -19440.7300000,
  7728,           0.9877280,      -19439.9000000,
  7729,           0.9877290,      -19439.1000000,
  7730,           0.9877300,      -19438.2630000,
  7731,           0.9877310,      -19437.5110000,
  7732,           0.9877320,      -19436.6730000,
  7733,           0.9877330,      -19435.8410000,
  7734,           0.9877340,      -19435.0500000,
  7735,           0.9877350,      -19434.2800000,
  7736,           0.9877360,      -19433.4740000,
  7737,           0.9877370,      -19432.6500000,
  7738,           0.9877380,      -19431.8200000,
  7739,           0.9877390,      -19431.0100000,
  7740,           0.9877400,      -19430.2400000,
  7741,           0.9877410,      -19429.4430000,
  7742,           0.9877420,      -19428.6100000,
  7743,           0.9877430,      -19427.7730000,
  7744,           0.9877440,      -19427.0100000,
  7745,           0.9877450,      -19426.1930000,
  7746,           0.9877460,      -19425.4000000,
  7747,           0.9877470,      -19424.5700000,
  7748,           0.9877480,      -19423.7510000,
  7749,           0.9877490,      -19422.9800000,
  7750,           0.9877500,      -19422.1500000,
  7751,           0.9877510,      -19421.3510000,
  7752,           0.9877520,      -19420.5230000,
  7753,           0.9877530,      -19419.7920000,
  7754,           0.9877540,      -19418.9700000,
  7755,           0.9877550,      -19418.1320000,
  7756,           0.9877560,      -19417.3120000,
  7757,           0.9877570,      -19416.5030000,
  7758,           0.9877580,      -19415.7340000,
  7759,           0.9877590,      -19414.9210000,
  7760,           0.9877600,      -19414.0930000,
  7761,           0.9877610,      -19413.3000000,
  7762,           0.9877620,      -19412.5130000,
  7763,           0.9877630,      -19411.7120000,
  7764,           0.9877640,      -19410.8800000,
  7765,           0.9877650,      -19410.0800000,
  7766,           0.9877660,      -19409.2500000,
  7767,           0.9877670,      -19408.4800000,
  7768,           0.9877680,      -19407.6500000,
  7769,           0.9877690,      -19406.8320000,
  7770,           0.9877700,      -19406.0300000,
  7771,           0.9877710,      -19405.2400000,
  7772,           0.9877720,      -19404.4200000,
  7773,           0.9877730,      -19403.6200000,
  7774,           0.9877740,      -19402.7830000,
  7775,           0.9877750,      -19402.0000000,
  7776,           0.9877760,      -19401.2000000,
  7777,           0.9877770,      -19400.3820000,
  7778,           0.9877780,      -19399.5800000,
  7779,           0.9877790,      -19398.7440000,
  7780,           0.9877800,      -19398.0010000,
  7781,           0.9877810,      -19397.1500000,
  7782,           0.9877820,      -19396.3800000,
  7783,           0.9877830,      -19395.5520000,
  7784,           0.9877840,      -19394.7100000,
  7785,           0.9877850,      -19393.9620000,
  7786,           0.9877860,      -19393.1210000,
  7787,           0.9877870,      -19392.3400000,
  7788,           0.9877880,      -19391.5110000,
  7789,           0.9877890,      -19390.7140000,
  7790,           0.9877900,      -19389.9210000,
  7791,           0.9877910,      -19389.1000000,
  7792,           0.9877920,      -19388.2830000,
  7793,           0.9877930,      -19387.4600000,
  7794,           0.9877940,      -19474.7100000,
  7795,           0.9877950,      -19473.9140000,
  7796,           0.9877960,      -19473.0900000,
  7797,           0.9877970,      -19472.2900000,
  7798,           0.9877980,      -19471.5100000,
  7799,           0.9877990,      -19470.6700000,
  7800,           0.9878000,      -19469.8900000,
  7801,           0.9878010,      -19469.0420000,
  7802,           0.9878020,      -19468.2340000,
  7803,           0.9878030,      -19467.4510000,
  7804,           0.9878040,      -19466.6320000,
  7805,           0.9878050,      -19465.8100000,
  7806,           0.9878060,      -19464.9900000,
  7807,           0.9878070,      -19464.2340000,
  7808,           0.9878080,      -19463.4120000,
  7809,           0.9878090,      -19462.5910000,
  7810,           0.9878100,      -19461.7900000,
  7811,           0.9878110,      -19460.9600000,
  7812,           0.9878120,      -19460.2010000,
  7813,           0.9878130,      -19459.3700000,
  7814,           0.9878140,      -19458.5440000,
  7815,           0.9878150,      -19457.7220000,
  7816,           0.9878160,      -19456.9400000,
  7817,           0.9878170,      -19456.1440000,
  7818,           0.9878180,      -19455.3400000,
  7819,           0.9878190,      -19454.5200000,
  7820,           0.9878200,      -19453.7000000,
  7821,           0.9878210,      -19452.9140000,
  7822,           0.9878220,      -19452.0930000,
  7823,           0.9878230,      -19451.2710000,
  7824,           0.9878240,      -19450.4720000,
  7825,           0.9878250,      -19449.6900000,
  7826,           0.9878260,      -19448.8840000,
  7827,           0.9878270,      -19448.0700000,
  7828,           0.9878280,      -19447.2200000,
  7829,           0.9878290,      -19446.4300000,
  7830,           0.9878300,      -19445.6440000,
  7831,           0.9878310,      -19444.8300000,
  7832,           0.9878320,      -19444.0000000,
  7833,           0.9878330,      -19443.1730000,
  7834,           0.9878340,      -19442.4200000,
  7835,           0.9878350,      -19441.5900000,
  7836,           0.9878360,      -19440.7800000,
  7837,           0.9878370,      -19439.9600000,
  7838,           0.9878380,      -19439.1810000,
  7839,           0.9878390,      -19438.3940000,
  7840,           0.9878400,      -19437.5600000,
  7841,           0.9878410,      -19436.7320000,
  7842,           0.9878420,      -19435.8800000,
  7843,           0.9878430,      -19435.1200000,
  7844,           0.9878440,      -19434.3200000,
  7845,           0.9878450,      -19433.4800000,
  7846,           0.9878460,      -19432.7030000,
  7847,           0.9878470,      -19431.9100000,
  7848,           0.9878480,      -19431.0900000,
  7849,           0.9878490,      -19430.2730000,
  7850,           0.9878500,      -19429.4410000,
  7851,           0.9878510,      -19428.6500000,
  7852,           0.9878520,      -19427.8600000,
  7853,           0.9878530,      -19427.0540000,
  7854,           0.9878540,      -19426.2300000,
  7855,           0.9878550,      -19425.3820000,
  7856,           0.9878560,      -19424.6500000,
  7857,           0.9878570,      -19423.8100000,
  7858,           0.9878580,      -19423.0130000,
  7859,           0.9878590,      -19422.1730000,
  7860,           0.9878600,      -19421.3300000,
  7861,           0.9878610,      -19420.5900000,
  7862,           0.9878620,      -19419.7510000,
  7863,           0.9878630,      -19418.9530000,
  7864,           0.9878640,      -19418.1230000,
  7865,           0.9878650,      -19417.3300000,
  7866,           0.9878660,      -19416.5300000,
  7867,           0.9878670,      -19415.7100000,
  7868,           0.9878680,      -19414.8940000,
  7869,           0.9878690,      -19414.0720000,
  7870,           0.9878700,      -19413.2700000,
  7871,           0.9878710,      -19412.4700000,
  7872,           0.9878720,      -19411.6240000,
  7873,           0.9878730,      -19410.8300000,
  7874,           0.9878740,      -19402.3600000,
  7875,           0.9878750,      -19401.5100000,
  7876,           0.9878760,      -19400.7220000,
  7877,           0.9878770,      -19399.8840000,
  7878,           0.9878780,      -19399.0900000,
  7879,           0.9878790,      -19398.3100000,
  7880,           0.9878800,      -19397.4820000,
  7881,           0.9878810,      -19396.6620000,
  7882,           0.9878820,      -19395.8200000,
  7883,           0.9878830,      -19395.0600000,
  7884,           0.9878840,      -19394.2340000,
  7885,           0.9878850,      -19393.4140000,
  7886,           0.9878860,      -19392.5830000,
  7887,           0.9878870,      -19391.7500000,
  7888,           0.9878880,      -19390.9820000,
  7889,           0.9878890,      -19390.1700000,
  7890,           0.9878900,      -19389.3430000,
  7891,           0.9878910,      -19388.5130000,
  7892,           0.9878920,      -19387.7200000,
  7893,           0.9878930,      -19386.9330000,
  7894,           0.9878940,      -19386.1000000,
  7895,           0.9878950,      -19385.2600000,
  7896,           0.9878960,      -19384.4430000,
  7897,           0.9878970,      -19383.6400000,
  7898,           0.9878980,      -19382.8330000,
  7899,           0.9878990,      -19382.0210000,
  7900,           0.9879000,      -19381.2100000,
  7901,           0.9879010,      -19380.4140000,
  7902,           0.9879020,      -19379.5620000,
  7903,           0.9879030,      -19378.7700000,
  7904,           0.9879040,      -19377.9600000,
  7905,           0.9879050,      -19377.1340000,
  7906,           0.9879060,      -19376.3500000,
  7907,           0.9879070,      -19375.5110000,
  7908,           0.9879080,      -19374.7140000,
  7909,           0.9879090,      -19373.8710000,
  7910,           0.9879100,      -19373.1010000,
  7911,           0.9879110,      -19372.2700000,
  7912,           0.9879120,      -19371.4500000,
  7913,           0.9879130,      -19370.6340000,
  7914,           0.9879140,      -19369.7900000,
  7915,           0.9879150,      -19369.0300000,
  7916,           0.9879160,      -19368.2000000,
  7917,           0.9879170,      -19367.3600000,
  7918,           0.9879180,      -19366.5500000,
  7919,           0.9879190,      -19365.7600000,
  7920,           0.9879200,      -19364.9410000,
  7921,           0.9879210,      -19364.1300000,
  7922,           0.9879220,      -19363.3000000,
  7923,           0.9879230,      -19362.4800000,
  7924,           0.9879240,      -19361.6900000,
  7925,           0.9879250,      -19360.8700000,
  7926,           0.9879260,      -19360.0600000,
  7927,           0.9879270,      -19359.2440000,
  7928,           0.9879280,      -19350.1620000,
  7929,           0.9879290,      -19349.3120000,
  7930,           0.9879300,      -19348.5100000,
  7931,           0.9879310,      -19347.6730000,
  7932,           0.9879320,      -19346.8600000,
  7933,           0.9879330,      -19346.0900000,
  7934,           0.9879340,      -19345.2340000,
  7935,           0.9879350,      -19344.4310000,
  7936,           0.9879360,      -19343.5830000,
  7937,           0.9879370,      -19342.8400000,
  7938,           0.9879380,      -19342.0300000,
  7939,           0.9879390,      -19341.1700000,
  7940,           0.9879400,      -19340.3610000,
  7941,           0.9879410,      -19339.5210000,
  7942,           0.9879420,      -19338.7700000,
  7943,           0.9879430,      -19337.9400000,
  7944,           0.9879440,      -19337.1100000,
  7945,           0.9879450,      -19336.3100000,
  7946,           0.9879460,      -19335.4940000,
  7947,           0.9879470,      -19334.6930000,
  7948,           0.9879480,      -19333.8600000,
  7949,           0.9879490,      -19333.0400000,
  7950,           0.9879500,      -19332.2010000,
  7951,           0.9879510,      -19331.4140000,
  7952,           0.9879520,      -19330.6100000,
  7953,           0.9879530,      -19329.7600000,
  7954,           0.9879540,      -19328.9510000,
  7955,           0.9879550,      -19328.1540000,
  7956,           0.9879560,      -19327.3100000,
  7957,           0.9879570,      -19326.5310000,
  7958,           0.9879580,      -19325.6800000,
  7959,           0.9879590,      -19324.8730000,
  7960,           0.9879600,      -19324.0910000,
  7961,           0.9879610,      -19323.2500000,
  7962,           0.9879620,      -19322.4410000,
  7963,           0.9879630,      -19321.6000000,
  7964,           0.9879640,      -19320.8510000,
  7965,           0.9879650,      -19320.0030000,
  7966,           0.9879660,      -19319.1640000,
  7967,           0.9879670,      -19318.3800000,
  7968,           0.9879680,      -19317.5400000,
  7969,           0.9879690,      -19316.7730000,
  7970,           0.9879700,      -19315.9400000,
  7971,           0.9879710,      -19315.1000000,
  7972,           0.9879720,      -19314.3000000,
  7973,           0.9879730,      -19313.5100000,
  7974,           0.9879740,      -19312.7000000,
  7975,           0.9879750,      -19311.8530000,
  7976,           0.9879760,      -19311.0100000,
  7977,           0.9879770,      -19310.2100000,
  7978,           0.9879780,      -19309.4330000,
  7979,           0.9879790,      -19308.6030000,
  7980,           0.9879800,      -19307.7610000,
  7981,           0.9879810,      -19306.9330000,
  7982,           0.9879820,      -19306.1640000,
  7983,           0.9879830,      -19305.3400000,
  7984,           0.9879840,      -19304.5130000,
  7985,           0.9879850,      -19303.6810000,
  7986,           0.9879860,      -19302.8400000,
  7987,           0.9879870,      -19302.0800000,
  7988,           0.9879880,      -19301.2610000,
  7989,           0.9879890,      -19300.4400000,
  7990,           0.9879900,      -19299.6000000,
  7991,           0.9879910,      -19298.8100000,
  7992,           0.9879920,      -19298.0000000,
  7993,           0.9879930,      -19297.1520000,
  7994,           0.9879940,      -19296.3410000,
  7995,           0.9879950,      -19295.5100000,
  7996,           0.9879960,      -19294.7100000,
  7997,           0.9879970,      -19293.9040000,
  7998,           0.9879980,      -19285.3410000,
  7999,           0.9879990,      -19284.5420000,
  8000,           0.9880000,      -19283.7600000,
  8001,           0.9880010,      -19282.9310000,
  8002,           0.9880020,      -19282.1000000,
  8003,           0.9880030,      -19281.2800000,
  8004,           0.9880040,      -19280.4430000,
  8005,           0.9880050,      -19279.6700000,
  8006,           0.9880060,      -19278.8200000,
  8007,           0.9880070,      -19278.0100000,
  8008,           0.9880080,      -19277.1730000,
  8009,           0.9880090,      -19276.3940000,
  8010,           0.9880100,      -19275.5600000,
  8011,           0.9880110,      -19274.7400000,
  8012,           0.9880120,      -19273.8900000,
  8013,           0.9880130,      -19273.0700000,
  8014,           0.9880140,      -19272.3100000,
  8015,           0.9880150,      -19271.4620000,
  8016,           0.9880160,      -19270.6300000,
  8017,           0.9880170,      -19269.7900000,
  8018,           0.9880180,      -19269.0000000,
  8019,           0.9880190,      -19268.1810000,
  8020,           0.9880200,      -19267.3530000,
  8021,           0.9880210,      -19266.5310000,
  8022,           0.9880220,      -19265.7000000,
  8023,           0.9880230,      -19256.5230000,
  8024,           0.9880240,      -19255.7240000,
  8025,           0.9880250,      -19254.8510000,
  8026,           0.9880260,      -19254.0500000,
  8027,           0.9880270,      -19253.2700000,
  8028,           0.9880280,      -19252.3920000,
  8029,           0.9880290,      -19251.6230000,
  8030,           0.9880300,      -19250.7510000,
  8031,           0.9880310,      -19249.9600000,
  8032,           0.9880320,      -19249.1640000,
  8033,           0.9880330,      -19248.3100000,
  8034,           0.9880340,      -19247.5000000,
  8035,           0.9880350,      -19246.6540000,
  8036,           0.9880360,      -19245.8730000,
  8037,           0.9880370,      -19245.0300000,
  8038,           0.9880380,      -19244.1900000,
  8039,           0.9880390,      -19243.3800000,
  8040,           0.9880400,      -19242.5700000,
  8041,           0.9880410,      -19241.7440000,
  8042,           0.9880420,      -19240.8920000,
  8043,           0.9880430,      -19319.7200000,
  8044,           0.9880440,      -19318.8900000,
  8045,           0.9880450,      -19318.1200000,
  8046,           0.9880460,      -19317.3020000,
  8047,           0.9880470,      -19316.4500000,
  8048,           0.9880480,      -19315.5910000,
  8049,           0.9880490,      -19314.8320000,
  8050,           0.9880500,      -19313.9820000,
  8051,           0.9880510,      -19313.1620000,
  8052,           0.9880520,      -19312.3240000,
  8053,           0.9880530,      -19311.4800000,
  8054,           0.9880540,      -19310.7100000,
  8055,           0.9880550,      -19309.8700000,
  8056,           0.9880560,      -19309.0440000,
  8057,           0.9880570,      -19308.2000000,
  8058,           0.9880580,      -19307.3900000,
  8059,           0.9880590,      -19306.6030000,
  8060,           0.9880600,      -19305.7610000,
  8061,           0.9880610,      -19304.9400000,
  8062,           0.9880620,      -19304.0820000,
  8063,           0.9880630,      -19303.2800000,
  8064,           0.9880640,      -19302.4600000,
  8065,           0.9880650,      -19301.6000000,
  8066,           0.9880660,      -19300.7920000,
  8067,           0.9880670,      -19300.0030000,
  8068,           0.9880680,      -19299.1620000,
  8069,           0.9880690,      -19298.3400000,
  8070,           0.9880700,      -19297.4800000,
  8071,           0.9880710,      -19296.6730000,
  8072,           0.9880720,      -19295.8700000,
  8073,           0.9880730,      -19295.0200000,
  8074,           0.9880740,      -19294.2100000,
  8075,           0.9880750,      -19293.3630000,
  8076,           0.9880760,      -19292.5900000,
  8077,           0.9880770,      -19291.7440000,
  8078,           0.9880780,      -19290.9000000,
  8079,           0.9880790,      -19290.0820000,
  8080,           0.9880800,      -19289.2400000,
  8081,           0.9880810,      -19288.4920000,
  8082,           0.9880820,      -19287.6200000,
  8083,           0.9880830,      -19286.7800000,
  8084,           0.9880840,      -19285.9600000,
  8085,           0.9880850,      -19285.1710000,
  8086,           0.9880860,      -19284.3500000,
  8087,           0.9880870,      -19283.5210000,
  8088,           0.9880880,      -19282.6700000,
  8089,           0.9880890,      -19281.8320000,
  8090,           0.9880900,      -19281.0520000,
  8091,           0.9880910,      -19280.2300000,
  8092,           0.9880920,      -19279.3800000,
  8093,           0.9880930,      -19278.5420000,
  8094,           0.9880940,      -19277.7800000,
  8095,           0.9880950,      -19276.9300000,
  8096,           0.9880960,      -19276.1000000,
  8097,           0.9880970,      -19275.2500000,
  8098,           0.9880980,      -19274.3900000,
  8099,           0.9880990,      -19273.6300000,
  8100,           0.9881000,      -19265.6700000,
  8101,           0.9881010,      -19264.8600000,
  8102,           0.9881020,      -19264.0100000,
  8103,           0.9881030,      -19263.2140000,
  8104,           0.9881040,      -19262.3920000,
  8105,           0.9881050,      -19261.5520000,
  8106,           0.9881060,      -19260.7300000,
  8107,           0.9881070,      -19259.8730000,
  8108,           0.9881080,      -19259.0800000,
  8109,           0.9881090,      -19258.2610000,
  8110,           0.9881100,      -19257.4120000,
  8111,           0.9881110,      -19256.5900000,
  8112,           0.9881120,      -19255.7910000,
  8113,           0.9881130,      -19254.9620000,
  8114,           0.9881140,      -19254.1200000,
  8115,           0.9881150,      -19253.2900000,
  8116,           0.9881160,      -19252.4640000,
  8117,           0.9881170,      -19251.6200000,
  8118,           0.9881180,      -19250.7900000,
  8119,           0.9881190,      -19249.9740000,
  8120,           0.9881200,      -19249.1300000,
  8121,           0.9881210,      -19248.3600000,
  8122,           0.9881220,      -19247.5100000,
  8123,           0.9881230,      -19246.6600000,
  8124,           0.9881240,      -19245.8200000,
  8125,           0.9881250,      -19244.9900000,
  8126,           0.9881260,      -19244.2100000,
  8127,           0.9881270,      -19243.3530000,
  8128,           0.9881280,      -19242.5100000,
  8129,           0.9881290,      -19241.6900000,
  8130,           0.9881300,      -19240.8900000,
  8131,           0.9881310,      -19240.0620000,
  8132,           0.9881320,      -19239.2100000,
  8133,           0.9881330,      -19238.3700000,
  8134,           0.9881340,      -19237.5500000,
  8135,           0.9881350,      -19236.7440000,
  8136,           0.9881360,      -19235.9200000,
  8137,           0.9881370,      -19235.0640000,
  8138,           0.9881380,      -19234.2000000,
  8139,           0.9881390,      -19233.4400000,
  8140,           0.9881400,      -19232.5830000,
  8141,           0.9881410,      -19231.7800000,
  8142,           0.9881420,      -19230.9410000,
  8143,           0.9881430,      -19230.0620000,
  8144,           0.9881440,      -19229.3000000,
  8145,           0.9881450,      -19228.4510000,
  8146,           0.9881460,      -19227.6100000,
  8147,           0.9881470,      -19226.7700000,
  8148,           0.9881480,      -19225.9720000,
  8149,           0.9881490,      -19225.1600000,
  8150,           0.9881500,      -19224.3100000,
  8151,           0.9881510,      -19223.4820000,
  8152,           0.9881520,      -19222.6500000,
  8153,           0.9881530,      -19221.8200000,
  8154,           0.9881540,      -19221.0200000,
  8155,           0.9881550,      -19220.1700000,
  8156,           0.9881560,      -19219.3020000,
  8157,           0.9881570,      -19218.5300000,
  8158,           0.9881580,      -19217.6710000,
  8159,           0.9881590,      -19216.8610000,
  8160,           0.9881600,      -19216.0100000,
  8161,           0.9881610,      -19215.1700000,
  8162,           0.9881620,      -19214.3940000,
  8163,           0.9881630,      -19213.5400000,
  8164,           0.9881640,      -19212.7100000,
  8165,           0.9881650,      -19211.8500000,
  8166,           0.9881660,      -19211.0700000,
  8167,           0.9881670,      -19210.2500000,
  8168,           0.9881680,      -19209.3700000,
  8169,           0.9881690,      -19208.5500000,
  8170,           0.9881700,      -19207.7100000,
  8171,           0.9881710,      -19206.9310000,
  8172,           0.9881720,      -19206.1000000,
  8173,           0.9881730,      -19205.2400000,
  8174,           0.9881740,      -19204.4000000,
  8175,           0.9881750,      -19203.6010000,
  8176,           0.9881760,      -19202.7500000,
  8177,           0.9881770,      -19201.9300000,
  8178,           0.9881780,      -19201.0900000,
  8179,           0.9881790,      -19200.2700000,
  8180,           0.9881800,      -19199.4720000,
  8181,           0.9881810,      -19198.6110000,
  8182,           0.9881820,      -19197.7900000,
  8183,           0.9881830,      -19196.9200000,
  8184,           0.9881840,      -19196.1600000,
  8185,           0.9881850,      -19195.3000000,
  8186,           0.9881860,      -19194.4600000,
  8187,           0.9881870,      -19193.6210000,
  8188,           0.9881880,      -19192.7800000,
  8189,           0.9881890,      -19192.0030000,
  8190,           0.9881900,      -19191.1520000,
  8191,           0.9881910,      -19190.3100000,
  8192,           0.9881920,      -19189.4700000,
  8193,           0.9881930,      -19188.6830000,
  8194,           0.9881940,      -19187.8400000,
  8195,           0.9881950,      -19186.9840000,
  8196,           0.9881960,      -19186.1500000,
  8197,           0.9881970,      -19185.3200000,
  8198,           0.9881980,      -19184.5400000,
  8199,           0.9881990,      -19183.6900000,
  8200,           0.9882000,      -19182.8500000,
  8201,           0.9882010,      -19181.9900000,
  8202,           0.9882020,      -19181.2140000,
  8203,           0.9882030,      -19180.3500000,
  8204,           0.9882040,      -19179.5400000,
  8205,           0.9882050,      -19178.7000000,
  8206,           0.9882060,      -19177.8510000,
  8207,           0.9882070,      -19177.0830000,
  8208,           0.9882080,      -19176.2140000,
  8209,           0.9882090,      -19175.4020000,
  8210,           0.9882100,      -19174.5300000,
  8211,           0.9882110,      -19173.7340000,
  8212,           0.9882120,      -19172.9100000,
  8213,           0.9882130,      -19172.0500000,
  8214,           0.9882140,      -19171.2100000,
  8215,           0.9882150,      -19170.3700000,
  8216,           0.9882160,      -19169.5600000,
  8217,           0.9882170,      -19168.7420000,
  8218,           0.9882180,      -19167.8800000,
  8219,           0.9882190,      -19167.0300000,
  8220,           0.9882200,      -19166.2630000,
  8221,           0.9882210,      -19165.3800000,
  8222,           0.9882220,      -19164.5700000,
  8223,           0.9882230,      -19163.7120000,
  8224,           0.9882240,      -19162.8700000,
  8225,           0.9882250,      -19162.0700000,
  8226,           0.9882260,      -19161.2200000,
  8227,           0.9882270,      -19160.4020000,
  8228,           0.9882280,      -19159.5300000,
  8229,           0.9882290,      -19158.7400000,
  8230,           0.9882300,      -19157.9200000,
  8231,           0.9882310,      -19157.0400000,
  8232,           0.9882320,      -19156.2000000,
  8233,           0.9882330,      -19155.4040000,
  8234,           0.9882340,      -19154.5600000,
  8235,           0.9882350,      -19153.7320000,
  8236,           0.9882360,      -19152.8900000,
  8237,           0.9882370,      -19152.0600000,
  8238,           0.9882380,      -19151.2600000,
  8239,           0.9882390,      -19150.4120000,
  8240,           0.9882400,      -19149.5600000,
  8241,           0.9882410,      -19148.6910000,
  8242,           0.9882420,      -19147.9400000,
  8243,           0.9882430,      -19147.0820000,
  8244,           0.9882440,      -19146.2220000,
  8245,           0.9882450,      -19145.4100000,
  8246,           0.9882460,      -19144.5500000,
  8247,           0.9882470,      -19143.7710000,
  8248,           0.9882480,      -19142.9120000,
  8249,           0.9882490,      -19142.0640000,
  8250,           0.9882500,      -19141.2100000,
  8251,           0.9882510,      -19140.4140000,
  8252,           0.9882520,      -19139.5600000,
  8253,           0.9882530,      -19138.7440000,
  8254,           0.9882540,      -19137.9000000,
  8255,           0.9882550,      -19137.0600000,
  8256,           0.9882560,      -19136.2630000,
  8257,           0.9882570,      -19135.3820000,
  8258,           0.9882580,      -19134.5720000,
  8259,           0.9882590,      -19133.7100000,
  8260,           0.9882600,      -19132.9530000,
  8261,           0.9882610,      -19132.0700000,
  8262,           0.9882620,      -19131.2400000,
  8263,           0.9882630,      -19130.3820000,
  8264,           0.9882640,      -19129.5300000,
  8265,           0.9882650,      -19128.7600000,
  8266,           0.9882660,      -19127.9000000,
  8267,           0.9882670,      -19127.0410000,
  8268,           0.9882680,      -19126.2140000,
  8269,           0.9882690,      -19125.4230000,
  8270,           0.9882700,      -19124.5800000,
  8271,           0.9882710,      -19123.7200000,
  8272,           0.9882720,      -19122.8700000,
  8273,           0.9882730,      -19122.0520000,
  8274,           0.9882740,      -19121.2440000,
  8275,           0.9882750,      -19120.4020000,
  8276,           0.9882760,      -19119.5500000,
  8277,           0.9882770,      -19118.7000000,
  8278,           0.9882780,      -19117.9400000,
  8279,           0.9882790,      -19117.0640000,
  8280,           0.9882800,      -19116.2500000,
  8281,           0.9882810,      -19115.3740000,
  8282,           0.9882820,      -19114.5300000,
  8283,           0.9882830,      -19113.7440000,
  8284,           0.9882840,      -19112.8920000,
  8285,           0.9882850,      -19112.0300000,
  8286,           0.9882860,      -19102.8240000,
  8287,           0.9882870,      -19102.0300000,
  8288,           0.9882880,      -19101.1910000,
  8289,           0.9882890,      -19100.3500000,
  8290,           0.9882900,      -19099.4700000,
  8291,           0.9882910,      -19098.6540000,
  8292,           0.9882920,      -19097.8600000,
  8293,           0.9882930,      -19097.0300000,
  8294,           0.9882940,      -19096.1600000,
  8295,           0.9882950,      -19095.3040000,
  8296,           0.9882960,      -19094.5200000,
  8297,           0.9882970,      -19093.6700000,
  8298,           0.9882980,      -19092.8500000,
  8299,           0.9882990,      -19092.0030000,
  8300,           0.9883000,      -19091.1440000,
  8301,           0.9883010,      -19090.3600000,
  8302,           0.9883020,      -19089.5000000,
  8303,           0.9883030,      -19088.6600000,
  8304,           0.9883040,      -19087.8000000,
  8305,           0.9883050,      -19087.0100000,
  8306,           0.9883060,      -19086.1900000,
  8307,           0.9883070,      -19085.3000000,
  8308,           0.9883080,      -19084.4900000,
  8309,           0.9883090,      -19083.6400000,
  8310,           0.9883100,      -19082.8140000,
  8311,           0.9883110,      -19082.0100000,
  8312,           0.9883120,      -19081.1400000,
  8313,           0.9883130,      -19080.2940000,
  8314,           0.9883140,      -19079.5100000,
  8315,           0.9883150,      -19078.6600000,
  8316,           0.9883160,      -19077.8200000,
  8317,           0.9883170,      -19076.9600000,
  8318,           0.9883180,      -19076.1000000,
  8319,           0.9883190,      -19075.3200000,
  8320,           0.9883200,      -19074.4700000,
  8321,           0.9883210,      -19073.6400000,
  8322,           0.9883220,      -19072.7830000,
  8323,           0.9883230,      -19071.9700000,
  8324,           0.9883240,      -19071.1420000,
  8325,           0.9883250,      -19070.2830000,
  8326,           0.9883260,      -19069.4600000,
  8327,           0.9883270,      -19068.6100000,
  8328,           0.9883280,      -19067.8000000,
  8329,           0.9883290,      -19066.9800000,
  8330,           0.9883300,      -19066.1110000,
  8331,           0.9883310,      -19065.2800000,
  8332,           0.9883320,      -19064.4900000,
  8333,           0.9883330,      -19063.6030000,
  8334,           0.9883340,      -19062.7830000,
  8335,           0.9883350,      -19061.9400000,
  8336,           0.9883360,      -19061.0720000,
  8337,           0.9883370,      -19060.2900000,
  8338,           0.9883380,      -19059.4310000,
  8339,           0.9883390,      -19058.6100000,
  8340,           0.9883400,      -19057.7510000,
  8341,           0.9883410,      -19056.9600000,
  8342,           0.9883420,      -19056.1000000,
  8343,           0.9883430,      -19055.2500000,
  8344,           0.9883440,      -19054.4230000,
  8345,           0.9883450,      -19053.5520000,
  8346,           0.9883460,      -19052.7600000,
  8347,           0.9883470,      -19051.9300000,
  8348,           0.9883480,      -19051.0740000,
  8349,           0.9883490,      -19050.2300000,
  8350,           0.9883500,      -19049.4500000,
  8351,           0.9883510,      -19048.5600000,
  8352,           0.9883520,      -19047.7420000,
  8353,           0.9883530,      -19046.8730000,
  8354,           0.9883540,      -19046.0500000,
  8355,           0.9883550,      -19045.2320000,
  8356,           0.9883560,      -19044.3800000,
  8357,           0.9883570,      -19043.5410000,
  8358,           0.9883580,      -19042.7100000,
  8359,           0.9883590,      -19041.9000000,
  8360,           0.9883600,      -19041.0700000,
  8361,           0.9883610,      -19040.2100000,
  8362,           0.9883620,      -19039.3800000,
  8363,           0.9883630,      -19038.5400000,
  8364,           0.9883640,      -19037.7100000,
  8365,           0.9883650,      -19036.8730000,
  8366,           0.9883660,      -19036.0300000,
  8367,           0.9883670,      -19035.2000000,
  8368,           0.9883680,      -19122.4200000,
  8369,           0.9883690,      -19121.5600000,
  8370,           0.9883700,      -19120.7300000,
  8371,           0.9883710,      -19119.8600000,
  8372,           0.9883720,      -19119.0400000,
  8373,           0.9883730,      -19118.2400000,
  8374,           0.9883740,      -19117.3730000,
  8375,           0.9883750,      -19116.5500000,
  8376,           0.9883760,      -19115.6900000,
  8377,           0.9883770,      -19114.8820000,
  8378,           0.9883780,      -19114.0400000,
  8379,           0.9883790,      -19113.1800000,
  8380,           0.9883800,      -19112.3500000,
  8381,           0.9883810,      -19111.4800000,
  8382,           0.9883820,      -19110.6930000,
  8383,           0.9883830,      -19109.8430000,
  8384,           0.9883840,      -19109.0000000,
  8385,           0.9883850,      -19108.1500000,
  8386,           0.9883860,      -19107.3610000,
  8387,           0.9883870,      -19106.4740000,
  8388,           0.9883880,      -19105.6700000,
  8389,           0.9883890,      -19104.8100000,
  8390,           0.9883900,      -19103.9700000,
  8391,           0.9883910,      -19103.1500000,
  8392,           0.9883920,      -19102.3000000,
  8393,           0.9883930,      -19101.4740000,
  8394,           0.9883940,      -19100.6000000,
  8395,           0.9883950,      -19099.8300000,
  8396,           0.9883960,      -19098.9600000,
  8397,           0.9883970,      -19098.1100000,
  8398,           0.9883980,      -19097.2600000,
  8399,           0.9883990,      -19096.3920000,
  8400,           0.9884000,      -19183.6200000,
  8401,           0.9884010,      -19270.8220000,
  8402,           0.9884020,      -19269.9510000,
  8403,           0.9884030,      -19269.1300000,
  8404,           0.9884040,      -19268.3020000,
  8405,           0.9884050,      -19267.4400000,
  8406,           0.9884060,      -19266.6010000,
  8407,           0.9884070,      -19265.7500000,
  8408,           0.9884080,      -19264.9330000,
  8409,           0.9884090,      -19264.1130000,
  8410,           0.9884100,      -19263.2510000,
  8411,           0.9884110,      -19262.3940000,
  8412,           0.9884120,      -19261.5500000,
  8413,           0.9884130,      -19260.7440000,
  8414,           0.9884140,      -19259.9100000,
  8415,           0.9884150,      -19259.0410000,
  8416,           0.9884160,      -19258.2100000,
  8417,           0.9884170,      -19257.3410000,
  8418,           0.9884180,      -19256.5300000,
  8419,           0.9884190,      -19255.6900000,
  8420,           0.9884200,      -19254.8400000,
  8421,           0.9884210,      -19254.0000000,
  8422,           0.9884220,      -19341.2100000,
  8423,           0.9884230,      -19340.3510000,
  8424,           0.9884240,      -19339.5200000,
  8425,           0.9884250,      -19338.6540000,
  8426,           0.9884260,      -19337.8100000,
  8427,           0.9884270,      -19337.0110000,
  8428,           0.9884280,      -19336.1420000,
  8429,           0.9884290,      -19335.3200000,
  8430,           0.9884300,      -19334.4330000,
  8431,           0.9884310,      -19333.6320000,
  8432,           0.9884320,      -19332.7900000,
  8433,           0.9884330,      -19331.9430000,
  8434,           0.9884340,      -19331.1010000,
  8435,           0.9884350,      -19330.3000000,
  8436,           0.9884360,      -19329.4300000,
  8437,           0.9884370,      -19328.6000000,
  8438,           0.9884380,      -19327.7300000,
  8439,           0.9884390,      -19326.8940000,
  8440,           0.9884400,      -19326.0700000,
  8441,           0.9884410,      -19325.2200000,
  8442,           0.9884420,      -19324.3730000,
  8443,           0.9884430,      -19323.5200000,
  8444,           0.9884440,      -19322.7300000,
  8445,           0.9884450,      -19321.8700000,
  8446,           0.9884460,      -19321.0210000,
  8447,           0.9884470,      -19320.1700000,
  8448,           0.9884480,      -19319.3200000,
  8449,           0.9884490,      -19318.5010000,
  8450,           0.9884500,      -19317.6730000,
  8451,           0.9884510,      -19316.8240000,
  8452,           0.9884520,      -19316.0000000,
  8453,           0.9884530,      -19315.1600000,
  8454,           0.9884540,      -19314.2940000,
  8455,           0.9884550,      -19313.4620000,
  8456,           0.9884560,      -19312.6030000,
  8457,           0.9884570,      -19311.7440000,
  8458,           0.9884580,      -19310.9510000,
  8459,           0.9884590,      -19310.0700000,
  8460,           0.9884600,      -19309.2320000,
  8461,           0.9884610,      -19308.3710000,
  8462,           0.9884620,      -19307.6000000,
  8463,           0.9884630,      -19306.7420000,
  8464,           0.9884640,      -19305.8700000,
  8465,           0.9884650,      -19305.0210000,
  8466,           0.9884660,      -19304.1730000,
  8467,           0.9884670,      -19303.3410000,
  8468,           0.9884680,      -19302.5300000,
  8469,           0.9884690,      -19301.6620000,
  8470,           0.9884700,      -19300.8100000,
  8471,           0.9884710,      -19300.0130000,
  8472,           0.9884720,      -19299.1200000,
  8473,           0.9884730,      -19298.3140000,
  8474,           0.9884740,      -19297.4300000,
  8475,           0.9884750,      -19296.6030000,
  8476,           0.9884760,      -19295.7710000,
  8477,           0.9884770,      -19294.9140000,
  8478,           0.9884780,      -19294.0700000,
  8479,           0.9884790,      -19293.2200000,
  8480,           0.9884800,      -19292.3840000,
  8481,           0.9884810,      -19291.5500000,
  8482,           0.9884820,      -19290.6810000,
  8483,           0.9884830,      -19289.8710000,
  8484,           0.9884840,      -19288.9800000,
  8485,           0.9884850,      -19288.1600000,
  8486,           0.9884860,      -19287.3140000,
  8487,           0.9884870,      -19286.4600000,
  8488,           0.9884880,      -19285.6210000,
  8489,           0.9884890,      -19284.8020000,
  8490,           0.9884900,      -19283.9200000,
  8491,           0.9884910,      -19283.1000000,
  8492,           0.9884920,      -19282.2400000,
  8493,           0.9884930,      -19281.3900000,
  8494,           0.9884940,      -19280.5620000,
  8495,           0.9884950,      -19279.6910000,
  8496,           0.9884960,      -19278.8700000,
  8497,           0.9884970,      -19277.9820000,
  8498,           0.9884980,      -19277.1930000,
  8499,           0.9884990,      -19276.3400000,
  8500,           0.9885000,      -19275.4600000,
  8501,           0.9885010,      -19274.6300000,
  8502,           0.9885020,      -19273.7700000,
  8503,           0.9885030,      -19272.9500000,
  8504,           0.9885040,      -19272.1210000,
  8505,           0.9885050,      -19271.2500000,
  8506,           0.9885060,      -19270.4040000,
  8507,           0.9885070,      -19269.6000000,
  8508,           0.9885080,      -19268.7400000,
  8509,           0.9885090,      -19267.8800000,
  8510,           0.9885100,      -19267.0300000,
  8511,           0.9885110,      -19266.1400000,
  8512,           0.9885120,      -19265.3800000,
  8513,           0.9885130,      -19264.5100000,
  8514,           0.9885140,      -19263.6540000,
  8515,           0.9885150,      -19262.7910000,
  8516,           0.9885160,      -19261.9900000,
  8517,           0.9885170,      -19261.1300000,
  8518,           0.9885180,      -19260.2630000,
  8519,           0.9885190,      -19259.4200000,
  8520,           0.9885200,      -19258.5540000,
  8521,           0.9885210,      -19257.7300000,
  8522,           0.9885220,      -19256.9000000,
  8523,           0.9885230,      -19256.0200000,
  8524,           0.9885240,      -19255.1600000,
  8525,           0.9885250,      -19254.3700000,
  8526,           0.9885260,      -19253.4840000,
  8527,           0.9885270,      -19252.6700000,
  8528,           0.9885280,      -19251.7900000,
  8529,           0.9885290,      -19250.9140000,
  8530,           0.9885300,      -19250.1230000,
  8531,           0.9885310,      -19249.2440000,
  8532,           0.9885320,      -19248.4200000,
  8533,           0.9885330,      -19247.5500000,
  8534,           0.9885340,      -19246.7200000,
  8535,           0.9885350,      -19245.8900000,
  8536,           0.9885360,      -19245.0100000,
  8537,           0.9885370,      -19244.1520000,
  8538,           0.9885380,      -19243.2910000,
  8539,           0.9885390,      -19242.4800000,
  8540,           0.9885400,      -19241.6230000,
  8541,           0.9885410,      -19240.7600000,
  8542,           0.9885420,      -19239.8710000,
  8543,           0.9885430,      -19239.1100000,
  8544,           0.9885440,      -19238.2300000,
  8545,           0.9885450,      -19237.4000000,
  8546,           0.9885460,      -19236.5030000,
  8547,           0.9885470,      -19235.6500000,
  8548,           0.9885480,      -19234.8500000,
  8549,           0.9885490,      -19233.9740000,
  8550,           0.9885500,      -19233.1000000,
  8551,           0.9885510,      -19232.2700000,
  8552,           0.9885520,      -19231.4300000,
  8553,           0.9885530,      -19230.5910000,
  8554,           0.9885540,      -19229.7120000,
  8555,           0.9885550,      -19228.8430000,
  8556,           0.9885560,      -19228.0100000,
  8557,           0.9885570,      -19227.2000000,
  8558,           0.9885580,      -19226.3220000,
  8559,           0.9885590,      -19225.4700000,
  8560,           0.9885600,      -19224.6100000,
  8561,           0.9885610,      -19223.8140000,
  8562,           0.9885620,      -19222.9400000,
  8563,           0.9885630,      -19222.0820000,
  8564,           0.9885640,      -19221.2200000,
  8565,           0.9885650,      -19220.3800000,
  8566,           0.9885660,      -19219.5700000,
  8567,           0.9885670,      -19218.7200000,
  8568,           0.9885680,      -19217.8410000,
  8569,           0.9885690,      -19216.9900000,
  8570,           0.9885700,      -19216.1800000,
  8571,           0.9885710,      -19215.3300000,
  8572,           0.9885720,      -19214.4700000,
  8573,           0.9885730,      -19213.6000000,
  8574,           0.9885740,      -19212.7340000,
  8575,           0.9885750,      -19211.9230000,
  8576,           0.9885760,      -19211.0420000,
  8577,           0.9885770,      -19210.2100000,
  8578,           0.9885780,      -19209.3320000,
  8579,           0.9885790,      -19208.5440000,
  8580,           0.9885800,      -19207.6800000,
  8581,           0.9885810,      -19206.7910000,
  8582,           0.9885820,      -19205.9500000,
  8583,           0.9885830,      -19205.0700000,
  8584,           0.9885840,      -19204.2900000,
  8585,           0.9885850,      -19203.4120000,
  8586,           0.9885860,      -19202.5500000,
  8587,           0.9885870,      -19201.7000000,
  8588,           0.9885880,      -19200.8740000,
  8589,           0.9885890,      -19200.0100000,
  8590,           0.9885900,      -19199.1620000,
  8591,           0.9885910,      -19198.2940000,
  8592,           0.9885920,      -19197.4800000,
  8593,           0.9885930,      -19196.6200000,
  8594,           0.9885940,      -19195.7900000,
  8595,           0.9885950,      -19194.9040000,
  8596,           0.9885960,      -19194.0300000,
  8597,           0.9885970,      -19193.2200000,
  8598,           0.9885980,      -19192.3700000,
  8599,           0.9885990,      -19191.4900000,
  8600,           0.9886000,      -19190.6700000,
  8601,           0.9886010,      -19189.7940000,
  8602,           0.9886020,      -19188.9740000,
  8603,           0.9886030,      -19188.1210000,
  8604,           0.9886040,      -19187.2600000,
  8605,           0.9886050,      -19186.4020000,
  8606,           0.9886060,      -19185.6010000,
  8607,           0.9886070,      -19184.7240000,
  8608,           0.9886080,      -19183.8900000,
  8609,           0.9886090,      -19183.0030000,
  8610,           0.9886100,      -19182.1320000,
  8611,           0.9886110,      -19181.3500000,
  8612,           0.9886120,      -19180.4700000,
  8613,           0.9886130,      -19179.6230000,
  8614,           0.9886140,      -19178.7530000,
  8615,           0.9886150,      -19177.9310000,
  8616,           0.9886160,      -19177.0800000,
  8617,           0.9886170,      -19176.2200000,
  8618,           0.9886180,      -19175.3940000,
  8619,           0.9886190,      -19174.5200000,
  8620,           0.9886200,      -19173.6900000,
  8621,           0.9886210,      -19172.8500000,
  8622,           0.9886220,      -19171.9800000,
  8623,           0.9886230,      -19171.0900000,
  8624,           0.9886240,      -19170.2900000,
  8625,           0.9886250,      -19169.4100000,
  8626,           0.9886260,      -19168.5820000,
  8627,           0.9886270,      -19167.7200000,
  8628,           0.9886280,      -19166.9020000,
  8629,           0.9886290,      -19166.0300000,
  8630,           0.9886300,      -19165.1730000,
  8631,           0.9886310,      -19164.2920000,
  8632,           0.9886320,      -19163.4600000,
  8633,           0.9886330,      -19162.6300000,
  8634,           0.9886340,      -19161.8040000,
  8635,           0.9886350,      -19160.9040000,
  8636,           0.9886360,      -19160.0540000,
  8637,           0.9886370,      -19159.2730000,
  8638,           0.9886380,      -19158.3800000,
  8639,           0.9886390,      -19157.5330000,
  8640,           0.9886400,      -19156.6700000,
  8641,           0.9886410,      -19155.7900000,
  8642,           0.9886420,      -19155.0100000,
  8643,           0.9886430,      -19154.1010000,
  8644,           0.9886440,      -19153.2530000,
  8645,           0.9886450,      -19152.3920000,
  8646,           0.9886460,      -19151.6110000,
  8647,           0.9886470,      -19150.7500000,
  8648,           0.9886480,      -19149.8900000,
  8649,           0.9886490,      -19148.9940000,
  8650,           0.9886500,      -19148.1500000,
  8651,           0.9886510,      -19147.3300000,
  8652,           0.9886520,      -19146.4600000,
  8653,           0.9886530,      -19145.6130000,
  8654,           0.9886540,      -19144.7400000,
  8655,           0.9886550,      -19143.9430000,
  8656,           0.9886560,      -19143.0830000,
  8657,           0.9886570,      -19142.2100000,
  8658,           0.9886580,      -19141.3730000,
  8659,           0.9886590,      -19140.4800000,
  8660,           0.9886600,      -19139.6910000,
  8661,           0.9886610,      -19138.8300000,
  8662,           0.9886620,      -19137.9400000,
  8663,           0.9886630,      -19137.1000000,
  8664,           0.9886640,      -19136.3000000,
  8665,           0.9886650,      -19135.4040000,
  8666,           0.9886660,      -19134.5520000,
  8667,           0.9886670,      -19133.6800000,
  8668,           0.9886680,      -19132.8410000,
  8669,           0.9886690,      -19132.0230000,
  8670,           0.9886700,      -19131.1440000,
  8671,           0.9886710,      -19130.2940000,
  8672,           0.9886720,      -19129.4430000,
  8673,           0.9886730,      -19128.6100000,
  8674,           0.9886740,      -19127.7700000,
  8675,           0.9886750,      -19126.8900000,
  8676,           0.9886760,      -19126.0500000,
  8677,           0.9886770,      -19125.1700000,
  8678,           0.9886780,      -19124.3600000,
  8679,           0.9886790,      -19123.5100000,
  8680,           0.9886800,      -19122.6300000,
  8681,           0.9886810,      -19121.7710000,
  8682,           0.9886820,      -19120.9700000,
  8683,           0.9886830,      -19120.0900000,
  8684,           0.9886840,      -19119.2600000,
  8685,           0.9886850,      -19118.3800000,
  8686,           0.9886860,      -19117.5010000,
  8687,           0.9886870,      -19116.7030000,
  8688,           0.9886880,      -19115.8400000,
  8689,           0.9886890,      -19114.9820000,
  8690,           0.9886900,      -19114.1230000,
  8691,           0.9886910,      -19113.2940000,
  8692,           0.9886920,      -19112.4400000,
  8693,           0.9886930,      -19111.5700000,
  8694,           0.9886940,      -19110.7030000,
  8695,           0.9886950,      -19109.8510000,
  8696,           0.9886960,      -19109.0200000,
  8697,           0.9886970,      -19108.1620000,
  8698,           0.9886980,      -19107.2910000,
  8699,           0.9886990,      -19106.4400000,
  8700,           0.9887000,      -19105.6440000,
  8701,           0.9887010,      -19104.7700000,
  8702,           0.9887020,      -19103.8940000,
  8703,           0.9887030,      -19103.0600000,
  8704,           0.9887040,      -19102.1700000,
  8705,           0.9887050,      -19101.3900000,
  8706,           0.9887060,      -19100.4900000,
  8707,           0.9887070,      -19099.6300000,
  8708,           0.9887080,      -19098.7710000,
  8709,           0.9887090,      -19097.9600000,
  8710,           0.9887100,      -19097.1010000,
  8711,           0.9887110,      -19096.2400000,
  8712,           0.9887120,      -19095.3700000,
  8713,           0.9887130,      -19094.5100000,
  8714,           0.9887140,      -19093.6800000,
  8715,           0.9887150,      -19092.8200000,
  8716,           0.9887160,      -19091.9700000,
  8717,           0.9887170,      -19091.1100000,
  8718,           0.9887180,      -19090.3100000,
  8719,           0.9887190,      -19089.4400000,
  8720,           0.9887200,      -19088.5400000,
  8721,           0.9887210,      -19087.7120000,
  8722,           0.9887220,      -19086.8300000,
  8723,           0.9887230,      -19086.0200000,
  8724,           0.9887240,      -19077.1540000,
  8725,           0.9887250,      -19076.2900000,
  8726,           0.9887260,      -19075.4230000,
  8727,           0.9887270,      -19074.6110000,
  8728,           0.9887280,      -19073.7300000,
  8729,           0.9887290,      -19072.9000000,
  8730,           0.9887300,      -19072.0230000,
  8731,           0.9887310,      -19071.1520000,
  8732,           0.9887320,      -19070.3330000,
  8733,           0.9887330,      -19069.4800000,
  8734,           0.9887340,      -19068.6200000,
  8735,           0.9887350,      -19067.7300000,
  8736,           0.9887360,      -19066.9040000,
  8737,           0.9887370,      -19066.0420000,
  8738,           0.9887380,      -19065.1800000,
  8739,           0.9887390,      -19064.3100000,
  8740,           0.9887400,      -19063.4330000,
  8741,           0.9887410,      -19150.6320000,
  8742,           0.9887420,      -19149.7800000,
  8743,           0.9887430,      -19148.9100000,
  8744,           0.9887440,      -19148.0400000,
  8745,           0.9887450,      -19147.2420000,
  8746,           0.9887460,      -19146.3710000,
  8747,           0.9887470,      -19145.5110000,
  8748,           0.9887480,      -19144.6240000,
  8749,           0.9887490,      -19143.7500000,
  8750,           0.9887500,      -19142.9510000,
  8751,           0.9887510,      -19142.0800000,
  8752,           0.9887520,      -19141.2000000,
  8753,           0.9887530,      -19140.3400000,
  8754,           0.9887540,      -19139.5200000,
  8755,           0.9887550,      -19138.6620000,
  8756,           0.9887560,      -19137.8020000,
  8757,           0.9887570,      -19136.9100000,
  8758,           0.9887580,      -19136.0700000,
  8759,           0.9887590,      -19135.2400000,
  8760,           0.9887600,      -19222.4000000,
  8761,           0.9887610,      -19221.5410000,
  8762,           0.9887620,      -19220.6800000,
  8763,           0.9887630,      -19219.8600000,
  8764,           0.9887640,      -19219.0000000,
  8765,           0.9887650,      -19218.1130000,
  8766,           0.9887660,      -19217.2500000,
  8767,           0.9887670,      -19216.3710000,
  8768,           0.9887680,      -19215.5640000,
  8769,           0.9887690,      -19214.7140000,
  8770,           0.9887700,      -19213.8320000,
  8771,           0.9887710,      -19212.9820000,
  8772,           0.9887720,      -19212.1620000,
  8773,           0.9887730,      -19211.2700000,
  8774,           0.9887740,      -19210.4100000,
  8775,           0.9887750,      -19209.5300000,
  8776,           0.9887760,      -19208.6400000,
  8777,           0.9887770,      -19207.8630000,
  8778,           0.9887780,      -19206.9740000,
  8779,           0.9887790,      -19206.1300000,
  8780,           0.9887800,      -19205.2420000,
  8781,           0.9887810,      -19204.4300000,
  8782,           0.9887820,      -19203.5600000,
  8783,           0.9887830,      -19202.6800000,
  8784,           0.9887840,      -19201.8100000,
  8785,           0.9887850,      -19200.9600000,
  8786,           0.9887860,      -19200.1300000,
  8787,           0.9887870,      -19199.2900000,
  8788,           0.9887880,      -19198.4000000,
  8789,           0.9887890,      -19197.5330000,
  8790,           0.9887900,      -19196.7300000,
  8791,           0.9887910,      -19195.8700000,
  8792,           0.9887920,      -19194.9640000,
  8793,           0.9887930,      -19194.1130000,
  8794,           0.9887940,      -19193.2400000,
  8795,           0.9887950,      -19192.4310000,
  8796,           0.9887960,      -19191.5700000,
  8797,           0.9887970,      -19190.6810000,
  8798,           0.9887980,      -19189.8500000,
  8799,           0.9887990,      -19189.0030000,
  8800,           0.9888000,      -19188.1300000,
  8801,           0.9888010,      -19187.2800000,
  8802,           0.9888020,      -19186.4120000,
  8803,           0.9888030,      -19185.5600000,
  8804,           0.9888040,      -19184.7300000,
  8805,           0.9888050,      -19183.8500000,
  8806,           0.9888060,      -19182.9900000,
  8807,           0.9888070,      -19182.0930000,
  8808,           0.9888080,      -19181.2910000,
  8809,           0.9888090,      -19180.4020000,
  8810,           0.9888100,      -19179.5420000,
  8811,           0.9888110,      -19266.7240000,
  8812,           0.9888120,      -19265.8600000,
  8813,           0.9888130,      -19264.9920000,
  8814,           0.9888140,      -19264.1700000,
  8815,           0.9888150,      -19263.2900000,
  8816,           0.9888160,      -19262.4100000,
  8817,           0.9888170,      -19261.5930000,
  8818,           0.9888180,      -19260.7100000,
  8819,           0.9888190,      -19259.8800000,
  8820,           0.9888200,      -19258.9900000,
  8821,           0.9888210,      -19258.1200000,
  8822,           0.9888220,      -19257.3000000,
  8823,           0.9888230,      -19256.4300000,
  8824,           0.9888240,      -19255.5400000,
  8825,           0.9888250,      -19254.7000000,
  8826,           0.9888260,      -19253.8700000,
  8827,           0.9888270,      -19253.0130000,
  8828,           0.9888280,      -19252.1340000,
  8829,           0.9888290,      -19251.2700000,
  8830,           0.9888300,      -19250.4600000,
  8831,           0.9888310,      -19249.5910000,
  8832,           0.9888320,      -19248.7030000,
  8833,           0.9888330,      -19247.8600000,
  8834,           0.9888340,      -19246.9740000,
  8835,           0.9888350,      -19246.1700000,
  8836,           0.9888360,      -19245.2830000,
  8837,           0.9888370,      -19244.4120000,
  8838,           0.9888380,      -19243.5540000,
  8839,           0.9888390,      -19242.7300000,
  8840,           0.9888400,      -19241.8410000,
  8841,           0.9888410,      -19240.9800000,
  8842,           0.9888420,      -19240.1000000,
  8843,           0.9888430,      -19239.2420000,
  8844,           0.9888440,      -19238.4410000,
  8845,           0.9888450,      -19237.5440000,
  8846,           0.9888460,      -19236.7100000,
  8847,           0.9888470,      -19235.8220000,
  8848,           0.9888480,      -19235.0000000,
  8849,           0.9888490,      -19234.1500000,
  8850,           0.9888500,      -19233.2700000,
  8851,           0.9888510,      -19232.4230000,
  8852,           0.9888520,      -19231.5300000,
  8853,           0.9888530,      -19230.6800000,
  8854,           0.9888540,      -19229.8200000,
  8855,           0.9888550,      -19228.9700000,
  8856,           0.9888560,      -19228.0820000,
  8857,           0.9888570,      -19227.2710000,
  8858,           0.9888580,      -19226.3940000,
  8859,           0.9888590,      -19225.5400000,
  8860,           0.9888600,      -19224.6500000,
  8861,           0.9888610,      -19223.7710000,
  8862,           0.9888620,      -19222.9820000,
  8863,           0.9888630,      -19222.1200000,
  8864,           0.9888640,      -19221.2240000,
  8865,           0.9888650,      -19220.3700000,
  8866,           0.9888660,      -19219.5400000,
  8867,           0.9888670,      -19218.7000000,
  8868,           0.9888680,      -19217.8100000,
  8869,           0.9888690,      -19216.9200000,
  8870,           0.9888700,      -19216.0600000,
  8871,           0.9888710,      -19215.2300000,
  8872,           0.9888720,      -19214.3700000,
  8873,           0.9888730,      -19213.5200000,
  8874,           0.9888740,      -19212.6400000,
  8875,           0.9888750,      -19211.8240000,
  8876,           0.9888760,      -19210.9500000,
  8877,           0.9888770,      -19210.0520000,
  8878,           0.9888780,      -19209.2100000,
  8879,           0.9888790,      -19208.3300000,
  8880,           0.9888800,      -19207.5100000,
  8881,           0.9888810,      -19206.6520000,
  8882,           0.9888820,      -19205.7710000,
  8883,           0.9888830,      -19204.9200000,
  8884,           0.9888840,      -19204.0900000,
  8885,           0.9888850,      -19203.1900000,
  8886,           0.9888860,      -19202.3300000,
  8887,           0.9888870,      -19201.4410000,
  8888,           0.9888880,      -19200.5600000,
  8889,           0.9888890,      -19199.7610000,
  8890,           0.9888900,      -19198.8730000,
  8891,           0.9888910,      -19198.0200000,
  8892,           0.9888920,      -19197.1200000,
  8893,           0.9888930,      -19196.2940000,
  8894,           0.9888940,      -19195.4400000,
  8895,           0.9888950,      -19194.5600000,
  8896,           0.9888960,      -19193.6900000,
  8897,           0.9888970,      -19192.8300000,
  8898,           0.9888980,      -19191.9720000,
  8899,           0.9888990,      -19191.1100000,
  8900,           0.9889000,      -19190.2500000,
  8901,           0.9889010,      -19189.3730000,
  8902,           0.9889020,      -19188.5740000,
  8903,           0.9889030,      -19187.6700000,
  8904,           0.9889040,      -19186.7800000,
  8905,           0.9889050,      -19185.9400000,
  8906,           0.9889060,      -19185.0440000,
  8907,           0.9889070,      -19184.2100000,
  8908,           0.9889080,      -19183.3630000,
  8909,           0.9889090,      -19182.4800000,
  8910,           0.9889100,      -19181.6210000,
  8911,           0.9889110,      -19180.7700000,
  8912,           0.9889120,      -19179.8920000,
  8913,           0.9889130,      -19179.0210000,
  8914,           0.9889140,      -19178.1440000,
  8915,           0.9889150,      -19177.2340000,
  8916,           0.9889160,      -19176.4230000,
  8917,           0.9889170,      -19175.5520000,
  8918,           0.9889180,      -19174.6810000,
  8919,           0.9889190,      -19261.8500000,
  8920,           0.9889200,      -19261.0000000,
  8921,           0.9889210,      -19260.1440000,
  8922,           0.9889220,      -19259.2400000,
  8923,           0.9889230,      -19258.3630000,
  8924,           0.9889240,      -19257.4820000,
  8925,           0.9889250,      -19256.6640000,
  8926,           0.9889260,      -19255.8020000,
  8927,           0.9889270,      -19254.9230000,
  8928,           0.9889280,      -19254.0300000,
  8929,           0.9889290,      -19253.2100000,
  8930,           0.9889300,      -19252.3220000,
  8931,           0.9889310,      -19339.4600000,
  8932,           0.9889320,      -19338.6100000,
  8933,           0.9889330,      -19337.7100000,
  8934,           0.9889340,      -19336.8900000,
  8935,           0.9889350,      -19336.0000000,
  8936,           0.9889360,      -19335.1200000,
  8937,           0.9889370,      -19334.2600000,
  8938,           0.9889380,      -19333.4210000,
  8939,           0.9889390,      -19332.5100000,
  8940,           0.9889400,      -19331.6600000,
  8941,           0.9889410,      -19330.7600000,
  8942,           0.9889420,      -19329.9040000,
  8943,           0.9889430,      -19329.0540000,
  8944,           0.9889440,      -19328.1600000,
  8945,           0.9889450,      -19327.3120000,
  8946,           0.9889460,      -19326.4200000,
  8947,           0.9889470,      -19325.5800000,
  8948,           0.9889480,      -19324.7030000,
  8949,           0.9889490,      -19323.8200000,
  8950,           0.9889500,      -19322.9100000,
  8951,           0.9889510,      -19322.0740000,
  8952,           0.9889520,      -19321.2220000,
  8953,           0.9889530,      -19320.3500000,
  8954,           0.9889540,      -19319.4530000,
  8955,           0.9889550,      -19318.5600000,
  8956,           0.9889560,      -19317.7710000,
  8957,           0.9889570,      -19316.8500000,
  8958,           0.9889580,      -19315.9620000,
  8959,           0.9889590,      -19315.1110000,
  8960,           0.9889600,      -19314.2320000,
  8961,           0.9889610,      -19313.4100000,
  8962,           0.9889620,      -19312.5400000,
  8963,           0.9889630,      -19311.6200000,
  8964,           0.9889640,      -19310.7800000,
  8965,           0.9889650,      -19309.9300000,
  8966,           0.9889660,      -19309.0300000,
  8967,           0.9889670,      -19308.1900000,
  8968,           0.9889680,      -19307.2900000,
  8969,           0.9889690,      -19306.4200000,
  8970,           0.9889700,      -19305.5700000,
  8971,           0.9889710,      -19304.6810000,
  8972,           0.9889720,      -19303.8040000,
  8973,           0.9889730,      -19302.9300000,
  8974,           0.9889740,      -19302.0910000,
  8975,           0.9889750,      -19301.2300000,
  8976,           0.9889760,      -19300.3400000,
  8977,           0.9889770,      -19299.4400000,
  8978,           0.9889780,      -19298.5800000,
  8979,           0.9889790,      -19297.7340000,
  8980,           0.9889800,      -19296.8730000,
  8981,           0.9889810,      -19295.9700000,
  8982,           0.9889820,      -19295.1000000,
  8983,           0.9889830,      -19294.2910000,
  8984,           0.9889840,      -19293.4040000,
  8985,           0.9889850,      -19292.4840000,
  8986,           0.9889860,      -19291.6300000,
  8987,           0.9889870,      -19290.7510000,
  8988,           0.9889880,      -19289.9300000,
  8989,           0.9889890,      -19289.0600000,
  8990,           0.9889900,      -19288.1600000,
  8991,           0.9889910,      -19287.2900000,
  8992,           0.9889920,      -19286.4530000,
  8993,           0.9889930,      -19285.5740000,
  8994,           0.9889940,      -19284.7000000,
  8995,           0.9889950,      -19283.8140000,
  8996,           0.9889960,      -19282.8920000,
  8997,           0.9889970,      -19282.1010000,
  8998,           0.9889980,      -19281.1910000,
  8999,           0.9889990,      -19280.3200000,
  9000,           0.9890000,      -19279.4300000,
  9001,           0.9890010,      -19278.6000000,
  9002,           0.9890020,      -19277.7400000,
  9003,           0.9890030,      -19276.8500000,
  9004,           0.9890040,      -19275.9530000,
  9005,           0.9890050,      -19275.0800000,
  9006,           0.9890060,      -19274.2600000,
  9007,           0.9890070,      -19273.4000000,
  9008,           0.9890080,      -19272.5010000,
  9009,           0.9890090,      -19271.6000000,
  9010,           0.9890100,      -19270.8000000,
  9011,           0.9890110,      -19269.9040000,
  9012,           0.9890120,      -19269.0110000,
  9013,           0.9890130,      -19268.1640000,
  9014,           0.9890140,      -19267.2530000,
  9015,           0.9890150,      -19266.4200000,
  9016,           0.9890160,      -19265.5310000,
  9017,           0.9890170,      -19264.6600000,
  9018,           0.9890180,      -19263.7900000,
  9019,           0.9890190,      -19262.9330000,
  9020,           0.9890200,      -19262.0600000,
  9021,           0.9890210,      -19261.2000000,
  9022,           0.9890220,      -19260.2910000,
  9023,           0.9890230,      -19259.4600000,
  9024,           0.9890240,      -19258.6030000,
  9025,           0.9890250,      -19257.7100000,
  9026,           0.9890260,      -19256.8610000,
  9027,           0.9890270,      -19255.9500000,
  9028,           0.9890280,      -19255.1000000,
  9029,           0.9890290,      -19254.2320000,
  9030,           0.9890300,      -19253.3600000,
  9031,           0.9890310,      -19252.4600000,
  9032,           0.9890320,      -19251.6540000,
  9033,           0.9890330,      -19250.7700000,
  9034,           0.9890340,      -19249.8630000,
  9035,           0.9890350,      -19249.0010000,
  9036,           0.9890360,      -19248.1110000,
  9037,           0.9890370,      -19247.2900000,
  9038,           0.9890380,      -19246.4100000,
  9039,           0.9890390,      -19245.5200000,
  9040,           0.9890400,      -19244.6520000,
  9041,           0.9890410,      -19243.8100000,
  9042,           0.9890420,      -19242.9200000,
  9043,           0.9890430,      -19242.0420000,
  9044,           0.9890440,      -19241.1520000,
  9045,           0.9890450,      -19240.2900000,
  9046,           0.9890460,      -19239.4620000,
  9047,           0.9890470,      -19238.5520000,
  9048,           0.9890480,      -19237.7100000,
  9049,           0.9890490,      -19236.8120000,
  9050,           0.9890500,      -19235.9620000,
  9051,           0.9890510,      -19235.1100000,
  9052,           0.9890520,      -19234.2200000,
  9053,           0.9890530,      -19233.3300000,
  9054,           0.9890540,      -19232.4410000,
  9055,           0.9890550,      -19231.6300000,
  9056,           0.9890560,      -19230.7320000,
  9057,           0.9890570,      -19229.8500000,
  9058,           0.9890580,      -19228.9700000,
  9059,           0.9890590,      -19228.1520000,
  9060,           0.9890600,      -19227.2700000,
  9061,           0.9890610,      -19226.3700000,
  9062,           0.9890620,      -19225.5010000,
  9063,           0.9890630,      -19224.6000000,
  9064,           0.9890640,      -19223.8000000,
  9065,           0.9890650,      -19222.9230000,
  9066,           0.9890660,      -19222.0130000,
  9067,           0.9890670,      -19221.1620000,
  9068,           0.9890680,      -19220.3040000,
  9069,           0.9890690,      -19219.4000000,
  9070,           0.9890700,      -19218.5520000,
  9071,           0.9890710,      -19217.6700000,
  9072,           0.9890720,      -19216.7800000,
  9073,           0.9890730,      -19215.9720000,
  9074,           0.9890740,      -19215.0600000,
  9075,           0.9890750,      -19214.2030000,
  9076,           0.9890760,      -19213.3040000,
  9077,           0.9890770,      -19212.4620000,
  9078,           0.9890780,      -19211.6030000,
  9079,           0.9890790,      -19210.7100000,
  9080,           0.9890800,      -19209.8300000,
  9081,           0.9890810,      -19208.9500000,
  9082,           0.9890820,      -19208.1230000,
  9083,           0.9890830,      -19207.2120000,
  9084,           0.9890840,      -19206.3400000,
  9085,           0.9890850,      -19205.4600000,
  9086,           0.9890860,      -19204.6600000,
  9087,           0.9890870,      -19203.7730000,
  9088,           0.9890880,      -19202.8600000,
  9089,           0.9890890,      -19290.0420000,
  9090,           0.9890900,      -19289.1340000,
  9091,           0.9890910,      -19288.3020000,
  9092,           0.9890920,      -19287.4310000,
  9093,           0.9890930,      -19286.5540000,
  9094,           0.9890940,      -19285.7010000,
  9095,           0.9890950,      -19284.8400000,
  9096,           0.9890960,      -19283.9620000,
  9097,           0.9890970,      -19283.0740000,
  9098,           0.9890980,      -19282.1900000,
  9099,           0.9890990,      -19281.2900000,
  9100,           0.9891000,      -19280.4900000,
  9101,           0.9891010,      -19279.5900000,
  9102,           0.9891020,      -19278.6900000,
  9103,           0.9891030,      -19277.8400000,
  9104,           0.9891040,      -19276.9800000,
  9105,           0.9891050,      -19276.1600000,
  9106,           0.9891060,      -19275.2400000,
  9107,           0.9891070,      -19274.3500000,
  9108,           0.9891080,      -19273.4800000,
  9109,           0.9891090,      -19272.6400000,
  9110,           0.9891100,      -19271.7500000,
  9111,           0.9891110,      -19270.8800000,
  9112,           0.9891120,      -19269.9800000,
  9113,           0.9891130,      -19269.1230000,
  9114,           0.9891140,      -19268.2810000,
  9115,           0.9891150,      -19267.3900000,
  9116,           0.9891160,      -19266.4920000,
  9117,           0.9891170,      -19265.6110000,
  9118,           0.9891180,      -19264.7700000,
  9119,           0.9891190,      -19263.9210000,
  9120,           0.9891200,      -19263.0310000,
  9121,           0.9891210,      -19262.1520000,
  9122,           0.9891220,      -19261.3300000,
  9123,           0.9891230,      -19260.4400000,
  9124,           0.9891240,      -19259.5400000,
  9125,           0.9891250,      -19258.6700000,
  9126,           0.9891260,      -19257.7800000,
  9127,           0.9891270,      -19256.9720000,
  9128,           0.9891280,      -19256.0720000,
  9129,           0.9891290,      -19255.1700000,
  9130,           0.9891300,      -19254.3100000,
  9131,           0.9891310,      -19253.4620000,
  9132,           0.9891320,      -19252.5700000,
  9133,           0.9891330,      -19251.7000000,
  9134,           0.9891340,      -19250.7940000,
  9135,           0.9891350,      -19249.9200000,
  9136,           0.9891360,      -19249.1000000,
  9137,           0.9891370,      -19248.2200000,
  9138,           0.9891380,      -19247.3530000,
  9139,           0.9891390,      -19246.4600000,
  9140,           0.9891400,      -19245.6200000,
  9141,           0.9891410,      -19244.7300000,
  9142,           0.9891420,      -19243.8630000,
  9143,           0.9891430,      -19242.9640000,
  9144,           0.9891440,      -19242.1000000,
  9145,           0.9891450,      -19241.2500000,
  9146,           0.9891460,      -19240.3610000,
  9147,           0.9891470,      -19239.5010000,
  9148,           0.9891480,      -19238.5830000,
  9149,           0.9891490,      -19237.7920000,
  9150,           0.9891500,      -19236.9020000,
  9151,           0.9891510,      -19236.0210000,
  9152,           0.9891520,      -19235.1400000,
  9153,           0.9891530,      -19234.2630000,
  9154,           0.9891540,      -19233.4100000,
  9155,           0.9891550,      -19232.5330000,
  9156,           0.9891560,      -19231.6520000,
  9157,           0.9891570,      -19230.7530000,
  9158,           0.9891580,      -19229.9530000,
  9159,           0.9891590,      -19229.0600000,
  9160,           0.9891600,      -19228.1830000,
  9161,           0.9891610,      -19227.3000000,
  9162,           0.9891620,      -19226.3800000,
  9163,           0.9891630,      -19225.6000000,
  9164,           0.9891640,      -19224.7000000,
  9165,           0.9891650,      -19223.8000000,
  9166,           0.9891660,      -19222.9300000,
  9167,           0.9891670,      -19222.0800000,
  9168,           0.9891680,      -19221.1930000,
  9169,           0.9891690,      -19220.3040000,
  9170,           0.9891700,      -19219.4300000,
  9171,           0.9891710,      -19218.5700000,
  9172,           0.9891720,      -19217.7400000,
  9173,           0.9891730,      -19216.8400000,
  9174,           0.9891740,      -19215.9800000,
  9175,           0.9891750,      -19215.0700000,
  9176,           0.9891760,      -19214.2400000,
  9177,           0.9891770,      -19213.3610000,
  9178,           0.9891780,      -19212.4700000,
  9179,           0.9891790,      -19211.5830000,
  9180,           0.9891800,      -19210.7200000,
  9181,           0.9891810,      -19209.8800000,
  9182,           0.9891820,      -19208.9940000,
  9183,           0.9891830,      -19208.1010000,
  9184,           0.9891840,      -19207.2240000,
  9185,           0.9891850,      -19206.4000000,
  9186,           0.9891860,      -19205.5100000,
  9187,           0.9891870,      -19204.5930000,
  9188,           0.9891880,      -19203.7400000,
  9189,           0.9891890,      -19202.8600000,
  9190,           0.9891900,      -19201.9920000,
  9191,           0.9891910,      -19201.1400000,
  9192,           0.9891920,      -19200.2500000,
  9193,           0.9891930,      -19199.3800000,
  9194,           0.9891940,      -19198.5100000,
  9195,           0.9891950,      -19197.6340000,
  9196,           0.9891960,      -19196.7810000,
  9197,           0.9891970,      -19195.8630000,
  9198,           0.9891980,      -19195.0000000,
  9199,           0.9891990,      -19194.1600000,
  9200,           0.9892000,      -19193.2830000,
  9201,           0.9892010,      -19192.3740000,
  9202,           0.9892020,      -19191.5300000,
  9203,           0.9892030,      -19190.6700000,
  9204,           0.9892040,      -19189.8100000,
  9205,           0.9892050,      -19188.9200000,
  9206,           0.9892060,      -19188.0100000,
  9207,           0.9892070,      -19187.1600000,
  9208,           0.9892080,      -19186.3100000,
  9209,           0.9892090,      -19185.4100000,
  9210,           0.9892100,      -19184.5500000,
  9211,           0.9892110,      -19183.6500000,
  9212,           0.9892120,      -19182.8100000,
  9213,           0.9892130,      -19181.9430000,
  9214,           0.9892140,      -19181.0500000,
  9215,           0.9892150,      -19180.1830000,
  9216,           0.9892160,      -19179.2900000,
  9217,           0.9892170,      -19178.4310000,
  9218,           0.9892180,      -19177.5500000,
  9219,           0.9892190,      -19176.6800000,
  9220,           0.9892200,      -19175.7800000,
  9221,           0.9892210,      -19174.9700000,
  9222,           0.9892220,      -19174.0640000,
  9223,           0.9892230,      -19173.1810000,
  9224,           0.9892240,      -19172.3120000,
  9225,           0.9892250,      -19171.4640000,
  9226,           0.9892260,      -19170.6100000,
  9227,           0.9892270,      -19169.7100000,
  9228,           0.9892280,      -19168.8300000,
  9229,           0.9892290,      -19255.9800000,
  9230,           0.9892300,      -19255.1320000,
  9231,           0.9892310,      -19254.2500000,
  9232,           0.9892320,      -19253.3610000,
  9233,           0.9892330,      -19252.4900000,
  9234,           0.9892340,      -19251.6300000,
  9235,           0.9892350,      -19250.7700000,
  9236,           0.9892360,      -19249.8700000,
  9237,           0.9892370,      -19248.9700000,
  9238,           0.9892380,      -19248.1110000,
  9239,           0.9892390,      -19247.2700000,
  9240,           0.9892400,      -19246.3940000,
  9241,           0.9892410,      -19245.4800000,
  9242,           0.9892420,      -19244.5900000,
  9243,           0.9892430,      -19243.7940000,
  9244,           0.9892440,      -19242.8800000,
  9245,           0.9892450,      -19241.9940000,
  9246,           0.9892460,      -19241.0910000,
  9247,           0.9892470,      -19240.2320000,
  9248,           0.9892480,      -19239.3820000,
  9249,           0.9892490,      -19238.5230000,
  9250,           0.9892500,      -19237.6210000,
  9251,           0.9892510,      -19236.7340000,
  9252,           0.9892520,      -19235.9100000,
  9253,           0.9892530,      -19235.0200000,
  9254,           0.9892540,      -19234.1500000,
  9255,           0.9892550,      -19233.2600000,
  9256,           0.9892560,      -19232.3410000,
  9257,           0.9892570,      -19231.5400000,
  9258,           0.9892580,      -19230.6500000,
  9259,           0.9892590,      -19229.7530000,
  9260,           0.9892600,      -19228.8700000,
  9261,           0.9892610,      -19228.0400000,
  9262,           0.9892620,      -19227.1800000,
  9263,           0.9892630,      -19226.2600000,
  9264,           0.9892640,      -19225.3800000,
  9265,           0.9892650,      -19224.5000000,
  9266,           0.9892660,      -19223.6640000,
  9267,           0.9892670,      -19222.7800000,
  9268,           0.9892680,      -19221.8820000,
  9269,           0.9892690,      -19220.9940000,
  9270,           0.9892700,      -19220.1440000,
  9271,           0.9892710,      -19219.2810000,
  9272,           0.9892720,      -19218.3710000,
  9273,           0.9892730,      -19217.4900000,
  9274,           0.9892740,      -19216.6030000,
  9275,           0.9892750,      -19215.7530000,
  9276,           0.9892760,      -19214.9100000,
  9277,           0.9892770,      -19214.0030000,
  9278,           0.9892780,      -19213.1100000,
  9279,           0.9892790,      -19212.2900000,
  9280,           0.9892800,      -19211.3700000,
  9281,           0.9892810,      -19210.4840000,
  9282,           0.9892820,      -19209.6300000,
  9283,           0.9892830,      -19208.7420000,
  9284,           0.9892840,      -19207.9000000,
  9285,           0.9892850,      -19207.0200000,
  9286,           0.9892860,      -19206.1200000,
  9287,           0.9892870,      -19205.2300000,
  9288,           0.9892880,      -19204.4100000,
  9289,           0.9892890,      -19203.5100000,
  9290,           0.9892900,      -19202.6500000,
  9291,           0.9892910,      -19201.7440000,
  9292,           0.9892920,      -19200.8240000,
  9293,           0.9892930,      -19200.0310000,
  9294,           0.9892940,      -19199.1210000,
  9295,           0.9892950,      -19198.2340000,
  9296,           0.9892960,      -19197.3710000,
  9297,           0.9892970,      -19196.5100000,
  9298,           0.9892980,      -19195.6300000,
  9299,           0.9892990,      -19194.7440000,
  9300,           0.9893000,      -19193.8700000,
  9301,           0.9893010,      -19192.9700000,
  9302,           0.9893020,      -19192.1210000,
  9303,           0.9893030,      -19191.2500000,
  9304,           0.9893040,      -19190.3740000,
  9305,           0.9893050,      -19189.4720000,
  9306,           0.9893060,      -19188.6400000,
  9307,           0.9893070,      -19187.7500000,
  9308,           0.9893080,      -19186.8730000,
  9309,           0.9893090,      -19185.9640000,
  9310,           0.9893100,      -19185.1000000,
  9311,           0.9893110,      -19184.2500000,
  9312,           0.9893120,      -19183.3300000,
  9313,           0.9893130,      -19182.4700000,
  9314,           0.9893140,      -19181.5700000,
  9315,           0.9893150,      -19180.7600000,
  9316,           0.9893160,      -19179.8430000,
  9317,           0.9893170,      -19178.9500000,
  9318,           0.9893180,      -19178.0540000,
  9319,           0.9893190,      -19177.1620000,
  9320,           0.9893200,      -19176.3000000,
  9321,           0.9893210,      -19175.4310000,
  9322,           0.9893220,      -19262.5620000,
  9323,           0.9893230,      -19261.6520000,
  9324,           0.9893240,      -19260.8700000,
  9325,           0.9893250,      -19259.9500000,
  9326,           0.9893260,      -19259.0540000,
  9327,           0.9893270,      -19258.1620000,
  9328,           0.9893280,      -19257.2510000,
  9329,           0.9893290,      -19256.4400000,
  9330,           0.9893300,      -19255.5210000,
  9331,           0.9893310,      -19254.6200000,
  9332,           0.9893320,      -19253.7530000,
  9333,           0.9893330,      -19252.9040000,
  9334,           0.9893340,      -19252.0030000,
  9335,           0.9893350,      -19251.1340000,
  9336,           0.9893360,      -19250.2400000,
  9337,           0.9893370,      -19249.3400000,
  9338,           0.9893380,      -19248.5100000,
  9339,           0.9893390,      -19247.6000000,
  9340,           0.9893400,      -19246.7300000,
  9341,           0.9893410,      -19245.8330000,
  9342,           0.9893420,      -19244.9900000,
  9343,           0.9893430,      -19244.0900000,
  9344,           0.9893440,      -19243.2100000,
  9345,           0.9893450,      -19242.3040000,
  9346,           0.9893460,      -19241.4400000,
  9347,           0.9893470,      -19240.5900000,
  9348,           0.9893480,      -19239.6800000,
  9349,           0.9893490,      -19238.8020000,
  9350,           0.9893500,      -19237.8940000,
  9351,           0.9893510,      -19237.0640000,
  9352,           0.9893520,      -19236.1700000,
  9353,           0.9893530,      -19235.2600000,
  9354,           0.9893540,      -19234.4040000,
  9355,           0.9893550,      -19233.4920000,
  9356,           0.9893560,      -19232.6320000,
  9357,           0.9893570,      -19231.7510000,
  9358,           0.9893580,      -19230.8430000,
  9359,           0.9893590,      -19229.9530000,
  9360,           0.9893600,      -19229.1130000,
  9361,           0.9893610,      -19228.2300000,
  9362,           0.9893620,      -19227.3220000,
  9363,           0.9893630,      -19314.4800000,
  9364,           0.9893640,      -19313.5800000,
  9365,           0.9893650,      -19312.7200000,
  9366,           0.9893660,      -19311.8700000,
  9367,           0.9893670,      -19310.9500000,
  9368,           0.9893680,      -19310.0800000,
  9369,           0.9893690,      -19309.2300000,
  9370,           0.9893700,      -19308.3200000,
  9371,           0.9893710,      -19307.4600000,
  9372,           0.9893720,      -19306.5310000,
  9373,           0.9893730,      -19305.6500000,
  9374,           0.9893740,      -19304.8100000,
  9375,           0.9893750,      -19303.8920000,
  9376,           0.9893760,      -19303.0110000,
  9377,           0.9893770,      -19302.1400000,
  9378,           0.9893780,      -19301.2700000,
  9379,           0.9893790,      -19300.3700000,
  9380,           0.9893800,      -19299.5000000,
  9381,           0.9893810,      -19298.6010000,
  9382,           0.9893820,      -19297.7200000,
  9383,           0.9893830,      -19296.8800000,
  9384,           0.9893840,      -19295.9640000,
  9385,           0.9893850,      -19295.1000000,
  9386,           0.9893860,      -19294.2100000,
  9387,           0.9893870,      -19285.2400000,
  9388,           0.9893880,      -19284.3700000,
  9389,           0.9893890,      -19283.4700000,
  9390,           0.9893900,      -19282.5640000,
  9391,           0.9893910,      -19273.1520000,
  9392,           0.9893920,      -19272.2900000,
  9393,           0.9893930,      -19271.3700000,
  9394,           0.9893940,      -19270.5100000,
  9395,           0.9893950,      -19269.5910000,
  9396,           0.9893960,      -19268.7400000,
  9397,           0.9893970,      -19267.8610000,
  9398,           0.9893980,      -19266.9700000,
  9399,           0.9893990,      -19266.0900000,
  9400,           0.9894000,      -19265.1710000,
  9401,           0.9894010,      -19264.3320000,
  9402,           0.9894020,      -19263.4600000,
  9403,           0.9894030,      -19262.5800000,
  9404,           0.9894040,      -19261.6600000,
  9405,           0.9894050,      -19260.8100000,
  9406,           0.9894060,      -19259.9300000,
  9407,           0.9894070,      -19259.0000000,
  9408,           0.9894080,      -19258.1200000,
  9409,           0.9894090,      -19257.2200000,
  9410,           0.9894100,      -19256.3610000,
  9411,           0.9894110,      -19255.5010000,
  9412,           0.9894120,      -19254.5800000,
  9413,           0.9894130,      -19253.7030000,
  9414,           0.9894140,      -19252.8410000,
  9415,           0.9894150,      -19251.9400000,
  9416,           0.9894160,      -19251.0800000,
  9417,           0.9894170,      -19250.1700000,
  9418,           0.9894180,      -19249.2600000,
  9419,           0.9894190,      -19248.4500000,
  9420,           0.9894200,      -19247.5200000,
  9421,           0.9894210,      -19246.6030000,
  9422,           0.9894220,      -19245.7400000,
  9423,           0.9894230,      -19244.9000000,
  9424,           0.9894240,      -19243.9600000,
  9425,           0.9894250,      -19243.0740000,
  9426,           0.9894260,      -19242.1800000,
  9427,           0.9894270,      -19241.3320000,
  9428,           0.9894280,      -19240.4530000,
  9429,           0.9894290,      -19239.5500000,
  9430,           0.9894300,      -19238.6810000,
  9431,           0.9894310,      -19237.7730000,
  9432,           0.9894320,      -19236.9200000,
  9433,           0.9894330,      -19236.0310000,
  9434,           0.9894340,      -19235.1400000,
  9435,           0.9894350,      -19234.2140000,
  9436,           0.9894360,      -19233.4020000,
  9437,           0.9894370,      -19232.4800000,
  9438,           0.9894380,      -19231.5620000,
  9439,           0.9894390,      -19230.7100000,
  9440,           0.9894400,      -19229.8000000,
  9441,           0.9894410,      -19228.9400000,
  9442,           0.9894420,      -19228.0700000,
  9443,           0.9894430,      -19227.1500000,
  9444,           0.9894440,      -19226.2800000,
  9445,           0.9894450,      -19225.4330000,
  9446,           0.9894460,      -19224.5210000,
  9447,           0.9894470,      -19223.6600000,
  9448,           0.9894480,      -19222.7200000,
  9449,           0.9894490,      -19221.8410000,
  9450,           0.9894500,      -19221.0030000,
  9451,           0.9894510,      -19220.0800000,
  9452,           0.9894520,      -19219.1710000,
  9453,           0.9894530,      -19218.2920000,
  9454,           0.9894540,      -19217.4400000,
  9455,           0.9894550,      -19216.5330000,
  9456,           0.9894560,      -19215.6300000,
  9457,           0.9894570,      -19214.7220000,
  9458,           0.9894580,      -19213.8140000,
  9459,           0.9894590,      -19212.9800000,
  9460,           0.9894600,      -19212.0800000,
  9461,           0.9894610,      -19211.2000000,
  9462,           0.9894620,      -19210.2910000,
  9463,           0.9894630,      -19209.4300000,
  9464,           0.9894640,      -19208.5500000,
  9465,           0.9894650,      -19207.6200000,
  9466,           0.9894660,      -19206.7200000,
  9467,           0.9894670,      -19205.8430000,
  9468,           0.9894680,      -19204.9800000,
  9469,           0.9894690,      -19204.0720000,
  9470,           0.9894700,      -19203.2000000,
  9471,           0.9894710,      -19202.2800000,
  9472,           0.9894720,      -19201.4210000,
  9473,           0.9894730,      -19200.5300000,
  9474,           0.9894740,      -19199.6300000,
  9475,           0.9894750,      -19198.7030000,
  9476,           0.9894760,      -19197.8200000,
  9477,           0.9894770,      -19196.9620000,
  9478,           0.9894780,      -19196.0600000,
  9479,           0.9894790,      -19195.1600000,
  9480,           0.9894800,      -19194.2400000,
  9481,           0.9894810,      -19193.3940000,
  9482,           0.9894820,      -19192.4920000,
  9483,           0.9894830,      -19191.5600000,
  9484,           0.9894840,      -19190.6810000,
  9485,           0.9894850,      -19189.7800000,
  9486,           0.9894860,      -19188.8900000,
  9487,           0.9894870,      -19188.0200000,
  9488,           0.9894880,      -19187.1000000,
  9489,           0.9894890,      -19186.1930000,
  9490,           0.9894900,      -19185.3500000,
  9491,           0.9894910,      -19184.4300000,
  9492,           0.9894920,      -19183.5300000,
  9493,           0.9894930,      -19174.5230000,
  9494,           0.9894940,      -19173.6110000,
  9495,           0.9894950,      -19172.7940000,
  9496,           0.9894960,      -19171.8730000,
  9497,           0.9894970,      -19170.9500000,
  9498,           0.9894980,      -19170.0420000,
  9499,           0.9894990,      -19169.2000000,
  9500,           0.9895000,      -19168.2830000,
  9501,           0.9895010,      -19167.3900000,
  9502,           0.9895020,      -19166.4820000,
  9503,           0.9895030,      -19165.5440000,
  9504,           0.9895040,      -19164.7200000,
  9505,           0.9895050,      -19163.8100000,
  9506,           0.9895060,      -19162.8800000,
  9507,           0.9895070,      -19161.9900000,
  9508,           0.9895080,      -19161.1300000,
  9509,           0.9895090,      -19160.2120000,
  9510,           0.9895100,      -19159.3400000,
  9511,           0.9895110,      -19158.4100000,
  9512,           0.9895120,      -19157.5130000,
  9513,           0.9895130,      -19156.6540000,
  9514,           0.9895140,      -19155.7400000,
  9515,           0.9895150,      -19154.8710000,
  9516,           0.9895160,      -19153.9300000,
  9517,           0.9895170,      -19153.0700000,
  9518,           0.9895180,      -19152.1730000,
  9519,           0.9895190,      -19151.2610000,
  9520,           0.9895200,      -19150.3400000,
  9521,           0.9895210,      -19149.4400000,
  9522,           0.9895220,      -19148.6000000,
  9523,           0.9895230,      -19147.7000000,
  9524,           0.9895240,      -19146.7810000,
  9525,           0.9895250,      -19145.8610000,
  9526,           0.9895260,      -19145.0100000,
  9527,           0.9895270,      -19144.1110000,
  9528,           0.9895280,      -19143.2200000,
  9529,           0.9895290,      -19142.3200000,
  9530,           0.9895300,      -19141.4000000,
  9531,           0.9895310,      -19140.5400000,
  9532,           0.9895320,      -19139.6300000,
  9533,           0.9895330,      -19138.7100000,
  9534,           0.9895340,      -19137.7800000,
  9535,           0.9895350,      -19136.9510000,
  9536,           0.9895360,      -19136.0500000,
  9537,           0.9895370,      -19135.1030000,
  9538,           0.9895380,      -19134.2140000,
  9539,           0.9895390,      -19133.3140000,
  9540,           0.9895400,      -19132.4500000,
  9541,           0.9895410,      -19131.5500000,
  9542,           0.9895420,      -19130.6300000,
  9543,           0.9895430,      -19129.6930000,
  9544,           0.9895440,      -19128.8840000,
  9545,           0.9895450,      -19127.9720000,
  9546,           0.9895460,      -19127.0520000,
  9547,           0.9895470,      -19126.1620000,
  9548,           0.9895480,      -19125.2500000,
  9549,           0.9895490,      -19124.4100000,
  9550,           0.9895500,      -19123.4920000,
  9551,           0.9895510,      -19122.5540000,
  9552,           0.9895520,      -19121.6730000,
  9553,           0.9895530,      -19120.8000000,
  9554,           0.9895540,      -19119.8940000,
  9555,           0.9895550,      -19119.0010000,
  9556,           0.9895560,      -19118.0740000,
  9557,           0.9895570,      -19117.1700000,
  9558,           0.9895580,      -19116.3220000,
  9559,           0.9895590,      -19115.3840000,
  9560,           0.9895600,      -19114.4840000,
  9561,           0.9895610,      -19113.5910000,
  9562,           0.9895620,      -19112.7200000,
  9563,           0.9895630,      -19111.7810000,
  9564,           0.9895640,      -19110.9000000,
  9565,           0.9895650,      -19109.9900000,
  9566,           0.9895660,      -19109.0830000,
  9567,           0.9895670,      -19108.2300000,
  9568,           0.9895680,      -19107.3120000,
  9569,           0.9895690,      -19106.3900000,
  9570,           0.9895700,      -19105.4900000,
  9571,           0.9895710,      -19104.6200000,
  9572,           0.9895720,      -19103.7300000,
  9573,           0.9895730,      -19102.8200000,
  9574,           0.9895740,      -19101.8800000,
  9575,           0.9895750,      -19100.9800000,
  9576,           0.9895760,      -19100.1200000,
  9577,           0.9895770,      -19099.1900000,
  9578,           0.9895780,      -19098.2940000,
  9579,           0.9895790,      -19097.3820000,
  9580,           0.9895800,      -19096.5000000,
  9581,           0.9895810,      -19095.6100000,
  9582,           0.9895820,      -19094.6910000,
  9583,           0.9895830,      -19093.7400000,
  9584,           0.9895840,      -19092.8530000,
  9585,           0.9895850,      -19091.9900000,
  9586,           0.9895860,      -19091.0440000,
  9587,           0.9895870,      -19090.1520000,
  9588,           0.9895880,      -19089.2340000,
  9589,           0.9895890,      -19088.4040000,
  9590,           0.9895900,      -19087.4740000,
  9591,           0.9895910,      -19086.5400000,
  9592,           0.9895920,      -19085.6500000,
  9593,           0.9895930,      -19084.7100000,
  9594,           0.9895940,      -19083.8600000,
  9595,           0.9895950,      -19082.9510000,
  9596,           0.9895960,      -19082.0200000,
  9597,           0.9895970,      -19081.1130000,
  9598,           0.9895980,      -19080.2630000,
  9599,           0.9895990,      -19079.3400000,
  9600,           0.9896000,      -19078.4200000,
  9601,           0.9896010,      -19077.5300000,
  9602,           0.9896020,      -19076.6110000,
  9603,           0.9896030,      -19075.7100000,
  9604,           0.9896040,      -19074.8200000,
  9605,           0.9896050,      -19073.9120000,
  9606,           0.9896060,      -19072.9640000,
  9607,           0.9896070,      -19072.1210000,
  9608,           0.9896080,      -19071.2200000,
  9609,           0.9896090,      -19070.3200000,
  9610,           0.9896100,      -19069.3900000,
  9611,           0.9896110,      -19068.4530000,
  9612,           0.9896120,      -19067.6100000,
  9613,           0.9896130,      -19066.6930000,
  9614,           0.9896140,      -19065.7530000,
  9615,           0.9896150,      -19064.8800000,
  9616,           0.9896160,      -19064.0110000,
  9617,           0.9896170,      -19063.1000000,
  9618,           0.9896180,      -19062.1730000,
  9619,           0.9896190,      -19061.2440000,
  9620,           0.9896200,      -19060.3800000,
  9621,           0.9896210,      -19059.4720000,
  9622,           0.9896220,      -19058.5500000,
  9623,           0.9896230,      -19057.6110000,
  9624,           0.9896240,      -19056.7400000,
  9625,           0.9896250,      -19055.8600000,
  9626,           0.9896260,      -19054.9210000,
  9627,           0.9896270,      -19054.0310000,
  9628,           0.9896280,      -19053.1100000,
  9629,           0.9896290,      -19043.6600000,
  9630,           0.9896300,      -19042.7400000,
  9631,           0.9896310,      -19041.8000000,
  9632,           0.9896320,      -19040.9020000,
  9633,           0.9896330,      -19039.9820000,
  9634,           0.9896340,      -19039.1100000,
  9635,           0.9896350,      -19038.2100000,
  9636,           0.9896360,      -19037.2900000,
  9637,           0.9896370,      -19036.3600000,
  9638,           0.9896380,      -19035.5010000,
  9639,           0.9896390,      -19034.5800000,
  9640,           0.9896400,      -19033.6600000,
  9641,           0.9896410,      -19032.7600000,
  9642,           0.9896420,      -19031.8300000,
  9643,           0.9896430,      -19030.9800000,
  9644,           0.9896440,      -19030.0500000,
  9645,           0.9896450,      -19029.1300000,
  9646,           0.9896460,      -19028.1900000,
  9647,           0.9896470,      -19027.3400000,
  9648,           0.9896480,      -19026.4210000,
  9649,           0.9896490,      -19025.4800000,
  9650,           0.9896500,      -19024.5800000,
  9651,           0.9896510,      -19023.6700000,
  9652,           0.9896520,      -19022.7700000,
  9653,           0.9896530,      -19021.8700000,
  9654,           0.9896540,      -19020.9500000,
  9655,           0.9896550,      -19011.4200000,
  9656,           0.9896560,      -19010.5620000,
  9657,           0.9896570,      -19009.6200000,
  9658,           0.9896580,      -19008.7120000,
  9659,           0.9896590,      -19007.7920000,
  9660,           0.9896600,      -19006.8510000,
  9661,           0.9896610,      -19006.0300000,
  9662,           0.9896620,      -19005.0900000,
  9663,           0.9896630,      -19004.1340000,
  9664,           0.9896640,      -19003.2340000,
  9665,           0.9896650,      -19002.3730000,
  9666,           0.9896660,      -19001.4300000,
  9667,           0.9896670,      -19000.5500000,
  9668,           0.9896680,      -18999.6200000,
  9669,           0.9896690,      -18998.6500000,
  9670,           0.9896700,      -18997.7940000,
  9671,           0.9896710,      -18996.8710000,
  9672,           0.9896720,      -18995.9300000,
  9673,           0.9896730,      -18995.0230000,
  9674,           0.9896740,      -18994.1500000,
  9675,           0.9896750,      -18993.2200000,
  9676,           0.9896760,      -18992.3410000,
  9677,           0.9896770,      -18991.4040000,
  9678,           0.9896780,      -18990.5100000,
  9679,           0.9896790,      -18989.6300000,
  9680,           0.9896800,      -18988.6710000,
  9681,           0.9896810,      -18987.7730000,
  9682,           0.9896820,      -18986.8400000,
  9683,           0.9896830,      -18985.9500000,
  9684,           0.9896840,      -18985.0620000,
  9685,           0.9896850,      -18984.1300000,
  9686,           0.9896860,      -18983.2000000,
  9687,           0.9896870,      -18982.2900000,
  9688,           0.9896880,      -18981.4020000,
  9689,           0.9896890,      -18980.4720000,
  9690,           0.9896900,      -18979.5700000,
  9691,           0.9896910,      -18978.6230000,
  9692,           0.9896920,      -18977.7600000,
  9693,           0.9896930,      -18976.8430000,
  9694,           0.9896940,      -18975.9000000,
  9695,           0.9896950,      -18974.9900000,
  9696,           0.9896960,      -18974.0800000,
  9697,           0.9896970,      -18973.1830000,
  9698,           0.9896980,      -18972.2700000,
  9699,           0.9896990,      -18971.3600000,
  9700,           0.9897000,      -18970.4230000,
  9701,           0.9897010,      -18969.5440000,
  9702,           0.9897020,      -18968.6400000,
  9703,           0.9897030,      -18967.7100000,
  9704,           0.9897040,      -18966.7900000,
  9705,           0.9897050,      -18965.8700000,
  9706,           0.9897060,      -18964.9940000,
  9707,           0.9897070,      -18964.0800000,
  9708,           0.9897080,      -18963.1340000,
  9709,           0.9897090,      -18962.2200000,
  9710,           0.9897100,      -18961.3800000,
  9711,           0.9897110,      -18960.4230000,
  9712,           0.9897120,      -18959.4900000,
  9713,           0.9897130,      -18958.5900000,
  9714,           0.9897140,      -18957.6340000,
  9715,           0.9897150,      -18956.7440000,
  9716,           0.9897160,      -18955.8400000,
  9717,           0.9897170,      -18954.9200000,
  9718,           0.9897180,      -18953.9600000,
  9719,           0.9897190,      -18953.1000000,
  9720,           0.9897200,      -18952.1600000,
  9721,           0.9897210,      -18951.2300000,
  9722,           0.9897220,      -18950.3140000,
  9723,           0.9897230,      -18949.3730000,
  9724,           0.9897240,      -18948.4900000,
  9725,           0.9897250,      -18947.6100000,
  9726,           0.9897260,      -18946.6600000,
  9727,           0.9897270,      -18945.7140000,
  9728,           0.9897280,      -18944.8430000,
  9729,           0.9897290,      -18943.9000000,
  9730,           0.9897300,      -18942.9500000,
  9731,           0.9897310,      -18942.0600000,
  9732,           0.9897320,      -18941.1010000,
  9733,           0.9897330,      -18940.2220000,
  9734,           0.9897340,      -18939.3100000,
  9735,           0.9897350,      -18938.3700000,
  9736,           0.9897360,      -18937.4400000,
  9737,           0.9897370,      -18936.5640000,
  9738,           0.9897380,      -18935.6200000,
  9739,           0.9897390,      -18934.6900000,
  9740,           0.9897400,      -18933.7530000,
  9741,           0.9897410,      -18932.7900000,
  9742,           0.9897420,      -18931.9600000,
  9743,           0.9897430,      -18931.0010000,
  9744,           0.9897440,      -18930.0700000,
  9745,           0.9897450,      -18929.1700000,
  9746,           0.9897460,      -18928.2600000,
  9747,           0.9897470,      -18927.3140000,
  9748,           0.9897480,      -18926.4040000,
  9749,           0.9897490,      -18925.4600000,
  9750,           0.9897500,      -18924.5200000,
  9751,           0.9897510,      -18923.6400000,
  9752,           0.9897520,      -18922.7010000,
  9753,           0.9897530,      -18921.7800000,
  9754,           0.9897540,      -18920.8700000,
  9755,           0.9897550,      -18919.9600000,
  9756,           0.9897560,      -18919.0300000,
  9757,           0.9897570,      -18918.1100000,
  9758,           0.9897580,      -18917.1500000,
  9759,           0.9897590,      -18916.2200000,
  9760,           0.9897600,      -18915.3600000,
  9761,           0.9897610,      -18914.4100000,
  9762,           0.9897620,      -18913.4800000,
  9763,           0.9897630,      -18912.5700000,
  9764,           0.9897640,      -18911.6500000,
  9765,           0.9897650,      -18910.7220000,
  9766,           0.9897660,      -18909.8100000,
  9767,           0.9897670,      -18908.8600000,
  9768,           0.9897680,      -18907.9600000,
  9769,           0.9897690,      -18907.0620000,
  9770,           0.9897700,      -18906.1210000,
  9771,           0.9897710,      -18905.1830000,
  9772,           0.9897720,      -18904.2530000,
  9773,           0.9897730,      -18903.3710000,
  9774,           0.9897740,      -18902.4510000,
  9775,           0.9897750,      -18901.5010000,
  9776,           0.9897760,      -18900.5600000,
  9777,           0.9897770,      -18899.6300000,
  9778,           0.9897780,      -18898.7440000,
  9779,           0.9897790,      -18897.8200000,
  9780,           0.9897800,      -18896.8900000,
  9781,           0.9897810,      -18895.9500000,
  9782,           0.9897820,      -18895.0640000,
  9783,           0.9897830,      -18894.1440000,
  9784,           0.9897840,      -18893.2000000,
  9785,           0.9897850,      -18892.2400000,
  9786,           0.9897860,      -18891.3300000,
  9787,           0.9897870,      -18890.4200000,
  9788,           0.9897880,      -18889.5100000,
  9789,           0.9897890,      -18888.5740000,
  9790,           0.9897900,      -18887.6130000,
  9791,           0.9897910,      -18886.7200000,
  9792,           0.9897920,      -18885.8000000,
  9793,           0.9897930,      -18884.8800000,
  9794,           0.9897940,      -18875.2830000,
  9795,           0.9897950,      -18874.3600000,
  9796,           0.9897960,      -18873.4600000,
  9797,           0.9897970,      -18872.5100000,
  9798,           0.9897980,      -18871.5800000,
  9799,           0.9897990,      -18870.6400000,
  9800,           0.9898000,      -18869.7500000,
  9801,           0.9898010,      -18868.8300000,
  9802,           0.9898020,      -18867.8800000,
  9803,           0.9898030,      -18866.9600000,
  9804,           0.9898040,      -18865.9900000,
  9805,           0.9898050,      -18865.1010000,
  9806,           0.9898060,      -18864.1910000,
  9807,           0.9898070,      -18863.2400000,
  9808,           0.9898080,      -18862.2900000,
  9809,           0.9898090,      -18861.4100000,
  9810,           0.9898100,      -18860.4800000,
  9811,           0.9898110,      -18859.5100000,
  9812,           0.9898120,      -18858.6130000,
  9813,           0.9898130,      -18857.6700000,
  9814,           0.9898140,      -18856.7610000,
  9815,           0.9898150,      -18855.8400000,
  9816,           0.9898160,      -18854.9100000,
  9817,           0.9898170,      -18853.9400000,
  9818,           0.9898180,      -18853.0720000,
  9819,           0.9898190,      -18852.1240000,
  9820,           0.9898200,      -18851.1830000,
  9821,           0.9898210,      -18850.2500000,
  9822,           0.9898220,      -18849.3800000,
  9823,           0.9898230,      -18848.4100000,
  9824,           0.9898240,      -18847.4800000,
  9825,           0.9898250,      -18846.5400000,
  9826,           0.9898260,      -18845.5520000,
  9827,           0.9898270,      -18844.7200000,
  9828,           0.9898280,      -18843.7910000,
  9829,           0.9898290,      -18842.8100000,
  9830,           0.9898300,      -18841.8900000,
  9831,           0.9898310,      -18841.0030000,
  9832,           0.9898320,      -18840.0520000,
  9833,           0.9898330,      -18839.1320000,
  9834,           0.9898340,      -18838.1700000,
  9835,           0.9898350,      -18837.2240000,
  9836,           0.9898360,      -18836.3300000,
  9837,           0.9898370,      -18835.4000000,
  9838,           0.9898380,      -18834.4700000,
  9839,           0.9898390,      -18833.5330000,
  9840,           0.9898400,      -18832.6400000,
  9841,           0.9898410,      -18831.6700000,
  9842,           0.9898420,      -18830.7630000,
  9843,           0.9898430,      -18829.8100000,
  9844,           0.9898440,      -18828.8840000,
  9845,           0.9898450,      -18827.9920000,
  9846,           0.9898460,      -18827.0300000,
  9847,           0.9898470,      -18826.1110000,
  9848,           0.9898480,      -18825.1830000,
  9849,           0.9898490,      -18824.2730000,
  9850,           0.9898500,      -18823.3530000,
  9851,           0.9898510,      -18822.3920000,
  9852,           0.9898520,      -18821.4500000,
  9853,           0.9898530,      -18820.5100000,
  9854,           0.9898540,      -18819.6320000,
  9855,           0.9898550,      -18818.6700000,
  9856,           0.9898560,      -18817.7600000,
  9857,           0.9898570,      -18816.8000000,
  9858,           0.9898580,      -18815.8920000,
  9859,           0.9898590,      -18814.9620000,
  9860,           0.9898600,      -18814.0300000,
  9861,           0.9898610,      -18813.0800000,
  9862,           0.9898620,      -18812.1420000,
  9863,           0.9898630,      -18811.2600000,
  9864,           0.9898640,      -18810.2920000,
  9865,           0.9898650,      -18809.3600000,
  9866,           0.9898660,      -18808.4200000,
  9867,           0.9898670,      -18807.5300000,
  9868,           0.9898680,      -18806.5910000,
  9869,           0.9898690,      -18805.6540000,
  9870,           0.9898700,      -18804.6830000,
  9871,           0.9898710,      -18803.7800000,
  9872,           0.9898720,      -18802.8610000,
  9873,           0.9898730,      -18801.9120000,
  9874,           0.9898740,      -18800.9800000,
  9875,           0.9898750,      -18800.0540000,
  9876,           0.9898760,      -18799.1420000,
  9877,           0.9898770,      -18798.2140000,
  9878,           0.9898780,      -18797.2730000,
  9879,           0.9898790,      -18796.3300000,
  9880,           0.9898800,      -18795.3800000,
  9881,           0.9898810,      -18794.4800000,
  9882,           0.9898820,      -18793.5420000,
  9883,           0.9898830,      -18792.6200000,
  9884,           0.9898840,      -18791.6640000,
  9885,           0.9898850,      -18790.7600000,
  9886,           0.9898860,      -18789.8200000,
  9887,           0.9898870,      -18788.8800000,
  9888,           0.9898880,      -18787.9330000,
  9889,           0.9898890,      -18778.3800000,
  9890,           0.9898900,      -18777.4900000,
  9891,           0.9898910,      -18776.5500000,
  9892,           0.9898920,      -18775.6010000,
  9893,           0.9898930,      -18774.6400000,
  9894,           0.9898940,      -18773.7510000,
  9895,           0.9898950,      -18772.7800000,
  9896,           0.9898960,      -18771.8710000,
  9897,           0.9898970,      -18770.9140000,
  9898,           0.9898980,      -18769.9900000,
  9899,           0.9898990,      -18769.0700000,
  9900,           0.9899000,      -18768.1420000,
  9901,           0.9899010,      -18767.2100000,
  9902,           0.9899020,      -18766.2200000,
  9903,           0.9899030,      -18765.3500000,
  9904,           0.9899040,      -18764.4100000,
  9905,           0.9899050,      -18763.4500000,
  9906,           0.9899060,      -18762.5200000,
  9907,           0.9899070,      -18761.5640000,
  9908,           0.9899080,      -18760.6800000,
  9909,           0.9899090,      -18759.7600000,
  9910,           0.9899100,      -18758.8040000,
  9911,           0.9899110,      -18757.8600000,
  9912,           0.9899120,      -18756.9700000,
  9913,           0.9899130,      -18756.0400000,
  9914,           0.9899140,      -18755.0640000,
  9915,           0.9899150,      -18754.1320000,
  9916,           0.9899160,      -18753.1730000,
  9917,           0.9899170,      -18752.2800000,
  9918,           0.9899180,      -18751.3300000,
  9919,           0.9899190,      -18750.3800000,
  9920,           0.9899200,      -18749.4200000,
  9921,           0.9899210,      -18748.5500000,
  9922,           0.9899220,      -18747.6130000,
  9923,           0.9899230,      -18746.6320000,
  9924,           0.9899240,      -18745.6930000,
  9925,           0.9899250,      -18744.7530000,
  9926,           0.9899260,      -18743.8600000,
  9927,           0.9899270,      -18742.9230000,
  9928,           0.9899280,      -18741.9700000,
  9929,           0.9899290,      -18741.0100000,
  9930,           0.9899300,      -18740.1440000,
  9931,           0.9899310,      -18739.1810000,
  9932,           0.9899320,      -18738.2140000,
  9933,           0.9899330,      -18737.2900000,
  9934,           0.9899340,      -18736.3300000,
  9935,           0.9899350,      -18735.4210000,
  9936,           0.9899360,      -18734.4900000,
  9937,           0.9899370,      -18733.5330000,
  9938,           0.9899380,      -18732.5820000,
  9939,           0.9899390,      -18731.6910000,
  9940,           0.9899400,      -18730.7320000,
  9941,           0.9899410,      -18729.7800000,
  9942,           0.9899420,      -18728.8300000,
  9943,           0.9899430,      -18727.8700000,
  9944,           0.9899440,      -18726.9640000,
  9945,           0.9899450,      -18726.0300000,
  9946,           0.9899460,      -18725.0640000,
  9947,           0.9899470,      -18724.1100000,
  9948,           0.9899480,      -18723.2300000,
  9949,           0.9899490,      -18722.2600000,
  9950,           0.9899500,      -18721.3100000,
  9951,           0.9899510,      -18720.3700000,
  9952,           0.9899520,      -18719.4000000,
  9953,           0.9899530,      -18718.5100000,
  9954,           0.9899540,      -18717.5700000,
  9955,           0.9899550,      -18716.6030000,
  9956,           0.9899560,      -18715.6500000,
  9957,           0.9899570,      -18714.7800000,
  9958,           0.9899580,      -18713.7940000,
  9959,           0.9899590,      -18712.8510000,
  9960,           0.9899600,      -18711.9120000,
  9961,           0.9899610,      -18710.9600000,
  9962,           0.9899620,      -18710.0520000,
  9963,           0.9899630,      -18709.1010000,
  9964,           0.9899640,      -18708.1420000,
  9965,           0.9899650,      -18699.3100000,
  9966,           0.9899660,      -18698.4200000,
  9967,           0.9899670,      -18697.4400000,
  9968,           0.9899680,      -18696.5130000,
  9969,           0.9899690,      -18695.5500000,
  9970,           0.9899700,      -18694.5700000,
  9971,           0.9899710,      -18693.7220000,
  9972,           0.9899720,      -18692.7400000,
  9973,           0.9899730,      -18691.7800000,
  9974,           0.9899740,      -18690.8400000,
  9975,           0.9899750,      -18689.9300000,
  9976,           0.9899760,      -18688.9600000,
  9977,           0.9899770,      -18688.0200000,
  9978,           0.9899780,      -18687.0400000,
  9979,           0.9899790,      -18686.0500000,
  9980,           0.9899800,      -18685.1830000,
  9981,           0.9899810,      -18684.2120000,
  9982,           0.9899820,      -18683.2440000,
  9983,           0.9899830,      -18682.3000000,
  9984,           0.9899840,      -18681.3800000,
  9985,           0.9899850,      -18680.4140000,
  9986,           0.9899860,      -18679.4900000,
  9987,           0.9899870,      -18678.5300000,
  9988,           0.9899880,      -18677.5440000,
  9989,           0.9899890,      -18676.6500000,
  9990,           0.9899900,      -18667.0310000,
  9991,           0.9899910,      -18666.0540000,
  9992,           0.9899920,      -18665.1100000,
  9993,           0.9899930,      -18664.2010000,
  9994,           0.9899940,      -18663.2300000,
  9995,           0.9899950,      -18662.2800000,
  9996,           0.9899960,      -18661.3120000,
  9997,           0.9899970,      -18660.3300000,
  9998,           0.9899980,      -18659.4500000,
  9999,           0.9899990,      -18658.4900000,
 10000,           0.9900000,      -18657.5300000,
 10001,           0.9900010,      -18656.5800000,
 10002,           0.9900020,      -18655.6710000,
 10003,           0.9900030,      -18654.7000000,
 10004,           0.9900040,      -18653.7400000,
 10005,           0.9900050,      -18652.7910000,
 10006,           0.9900060,      -18651.8000000,
 10007,           0.9900070,      -18634.1700000,
 10008,           0.9900080,      -18633.2140000,
 10009,           0.9900090,      -18632.2400000,
 10010,           0.9900100,      -18631.2940000,
 10011,           0.9900110,      -18630.3800000,
 10012,           0.9900120,      -18629.4120000,
 10013,           0.9900130,      -18628.4530000,
 10014,           0.9900140,      -18627.5000000,
 10015,           0.9900150,      -18626.5620000,
 10016,           0.9900160,      -18625.6030000,
 10017,           0.9900170,      -18624.6500000,
 10018,           0.9900180,      -18623.6640000,
 10019,           0.9900190,      -18622.7300000,
 10020,           0.9900200,      -18621.7940000,
 10021,           0.9900210,      -18620.8100000,
 10022,           0.9900220,      -18619.8510000,
 10023,           0.9900230,      -18618.8740000,
 10024,           0.9900240,      -18617.9620000,
 10025,           0.9900250,      -18617.0100000,
 10026,           0.9900260,      -18616.0330000,
 10027,           0.9900270,      -18615.0800000,
 10028,           0.9900280,      -18614.1230000,
 10029,           0.9900290,      -18613.1900000,
 10030,           0.9900300,      -18612.2300000,
 10031,           0.9900310,      -18611.2600000,
 10032,           0.9900320,      -18610.3000000,
 10033,           0.9900330,      -18609.3700000,
 10034,           0.9900340,      -18608.4140000,
 10035,           0.9900350,      -18607.4430000,
 10036,           0.9900360,      -18606.4620000,
 10037,           0.9900370,      -18605.5030000,
 10038,           0.9900380,      -18604.5740000,
 10039,           0.9900390,      -18603.6000000,
 10040,           0.9900400,      -18602.6500000,
 10041,           0.9900410,      -18601.6700000,
 10042,           0.9900420,      -18600.7300000,
 10043,           0.9900430,      -18599.8000000,
 10044,           0.9900440,      -18598.8120000,
 10045,           0.9900450,      -18597.8120000,
 10046,           0.9900460,      -18596.8920000,
 10047,           0.9900470,      -18595.9500000,
 10048,           0.9900480,      -18594.9800000,
 10049,           0.9900490,      -18594.0330000,
 10050,           0.9900500,      -18593.0520000,
 10051,           0.9900510,      -18592.1210000,
 10052,           0.9900520,      -18591.1700000,
 10053,           0.9900530,      -18590.2000000,
 10054,           0.9900540,      -18589.2010000,
 10055,           0.9900550,      -18588.2630000,
 10056,           0.9900560,      -18587.3320000,
 10057,           0.9900570,      -18586.3500000,
 10058,           0.9900580,      -18585.4100000,
 10059,           0.9900590,      -18584.4310000,
 10060,           0.9900600,      -18583.5000000,
 10061,           0.9900610,      -18582.5420000,
 10062,           0.9900620,      -18581.5720000,
 10063,           0.9900630,      -18580.6000000,
 10064,           0.9900640,      -18579.6300000,
 10065,           0.9900650,      -18578.7140000,
 10066,           0.9900660,      -18577.7400000,
 10067,           0.9900670,      -18576.7810000,
 10068,           0.9900680,      -18575.7940000,
 10069,           0.9900690,      -18574.8900000,
 10070,           0.9900700,      -18573.9100000,
 10071,           0.9900710,      -18572.9700000,
 10072,           0.9900720,      -18571.9700000,
 10073,           0.9900730,      -18659.0400000,
 10074,           0.9900740,      -18658.1440000,
 10075,           0.9900750,      -18657.1500000,
 10076,           0.9900760,      -18656.1900000,
 10077,           0.9900770,      -18655.1930000,
 10078,           0.9900780,      -18654.2900000,
 10079,           0.9900790,      -18653.3300000,
 10080,           0.9900800,      -18652.3500000,
 10081,           0.9900810,      -18651.3900000,
 10082,           0.9900820,      -18650.4400000,
 10083,           0.9900830,      -18649.5010000,
 10084,           0.9900840,      -18648.5400000,
 10085,           0.9900850,      -18647.5520000,
 10086,           0.9900860,      -18646.5830000,
 10087,           0.9900870,      -18645.6640000,
 10088,           0.9900880,      -18636.5400000,
 10089,           0.9900890,      -18635.5540000,
 10090,           0.9900900,      -18634.5720000,
 10091,           0.9900910,      -18633.6110000,
 10092,           0.9900920,      -18632.6900000,
 10093,           0.9900930,      -18631.7100000,
 10094,           0.9900940,      -18630.7610000,
 10095,           0.9900950,      -18629.7800000,
 10096,           0.9900960,      -18628.8530000,
 10097,           0.9900970,      -18627.9100000,
 10098,           0.9900980,      -18626.9100000,
 10099,           0.9900990,      -18625.9310000,
 10100,           0.9901000,      -18624.9640000,
 10101,           0.9901010,      -18624.0500000,
 10102,           0.9901020,      -18623.0420000,
 10103,           0.9901030,      -18622.1200000,
 10104,           0.9901040,      -18621.1300000,
 10105,           0.9901050,      -18620.1900000,
 10106,           0.9901060,      -18619.2300000,
 10107,           0.9901070,      -18618.2700000,
 10108,           0.9901080,      -18617.2700000,
 10109,           0.9901090,      -18616.3100000,
 10110,           0.9901100,      -18615.3940000,
 10111,           0.9901110,      -18614.4000000,
 10112,           0.9901120,      -18613.4300000,
 10113,           0.9901130,      -18612.4530000,
 10114,           0.9901140,      -18611.5300000,
 10115,           0.9901150,      -18610.5600000,
 10116,           0.9901160,      -18609.6100000,
 10117,           0.9901170,      -18608.6110000,
 10118,           0.9901180,      -18607.6500000,
 10119,           0.9901190,      -18606.7120000,
 10120,           0.9901200,      -18605.7320000,
 10121,           0.9901210,      -18604.7700000,
 10122,           0.9901220,      -18603.7900000,
 10123,           0.9901230,      -18602.8700000,
 10124,           0.9901240,      -18601.9100000,
 10125,           0.9901250,      -18600.9000000,
 10126,           0.9901260,      -18599.9400000,
 10127,           0.9901270,      -18598.9800000,
 10128,           0.9901280,      -18598.0500000,
 10129,           0.9901290,      -18597.0830000,
 10130,           0.9901300,      -18596.1030000,
 10131,           0.9901310,      -18595.1210000,
 10132,           0.9901320,      -18594.1800000,
 10133,           0.9901330,      -18593.2500000,
 10134,           0.9901340,      -18592.2600000,
 10135,           0.9901350,      -18591.2600000,
 10136,           0.9901360,      -18590.3000000,
 10137,           0.9901370,      -18589.3840000,
 10138,           0.9901380,      -18588.3920000,
 10139,           0.9901390,      -18587.4600000,
 10140,           0.9901400,      -18586.4410000,
 10141,           0.9901410,      -18585.5200000,
 10142,           0.9901420,      -18584.5540000,
 10143,           0.9901430,      -18583.5740000,
 10144,           0.9901440,      -18582.6000000,
 10145,           0.9901450,      -18581.6240000,
 10146,           0.9901460,      -18580.7030000,
 10147,           0.9901470,      -18579.7300000,
 10148,           0.9901480,      -18578.7600000,
 10149,           0.9901490,      -18577.7900000,
 10150,           0.9901500,      -18576.8410000,
 10151,           0.9901510,      -18575.9040000,
 10152,           0.9901520,      -18574.9100000,
 10153,           0.9901530,      -18573.9300000,
 10154,           0.9901540,      -18572.9640000,
 10155,           0.9901550,      -18572.0400000,
 10156,           0.9901560,      -18571.0520000,
 10157,           0.9901570,      -18570.1030000,
 10158,           0.9901580,      -18569.0910000,
 10159,           0.9901590,      -18568.2000000,
 10160,           0.9901600,      -18567.2340000,
 10161,           0.9901610,      -18566.2400000,
 10162,           0.9901620,      -18565.2600000,
 10163,           0.9901630,      -18564.3100000,
 10164,           0.9901640,      -18563.3710000,
 10165,           0.9901650,      -18562.3820000,
 10166,           0.9901660,      -18561.4300000,
 10167,           0.9901670,      -18560.4500000,
 10168,           0.9901680,      -18559.5100000,
 10169,           0.9901690,      -18558.5600000,
 10170,           0.9901700,      -18557.5700000,
 10171,           0.9901710,      -18556.5700000,
 10172,           0.9901720,      -18555.6300000,
 10173,           0.9901730,      -18554.6900000,
 10174,           0.9901740,      -18553.7000000,
 10175,           0.9901750,      -18552.7010000,
 10176,           0.9901760,      -18551.7500000,
 10177,           0.9901770,      -18550.8200000,
 10178,           0.9901780,      -18549.8300000,
 10179,           0.9901790,      -18548.8530000,
 10180,           0.9901800,      -18547.8800000,
 10181,           0.9901810,      -18546.9000000,
 10182,           0.9901820,      -18545.9500000,
 10183,           0.9901830,      -18544.9820000,
 10184,           0.9901840,      -18543.9900000,
 10185,           0.9901850,      -18543.0400000,
 10186,           0.9901860,      -18542.1200000,
 10187,           0.9901870,      -18541.1200000,
 10188,           0.9901880,      -18540.1420000,
 10189,           0.9901890,      -18539.1710000,
 10190,           0.9901900,      -18538.1800000,
 10191,           0.9901910,      -18537.2630000,
 10192,           0.9901920,      -18536.2900000,
 10193,           0.9901930,      -18535.3100000,
 10194,           0.9901940,      -18534.3400000,
 10195,           0.9901950,      -18533.3920000,
 10196,           0.9901960,      -18532.4210000,
 10197,           0.9901970,      -18531.4400000,
 10198,           0.9901980,      -18530.4600000,
 10199,           0.9901990,      -18529.4620000,
 10200,           0.9902000,      -18528.5720000,
 10201,           0.9902010,      -18527.5740000,
 10202,           0.9902020,      -18526.5640000,
 10203,           0.9902030,      -18525.6400000,
 10204,           0.9902040,      -18524.6810000,
 10205,           0.9902050,      -18523.6900000,
 10206,           0.9902060,      -18522.7400000,
 10207,           0.9902070,      -18521.7600000,
 10208,           0.9902080,      -18520.7400000,
 10209,           0.9902090,      -18519.8400000,
 10210,           0.9902100,      -18518.8630000,
 10211,           0.9902110,      -18517.8700000,
 10212,           0.9902120,      -18516.8920000,
 10213,           0.9902130,      -18515.9900000,
 10214,           0.9902140,      -18514.9900000,
 10215,           0.9902150,      -18514.0310000,
 10216,           0.9902160,      -18513.0500000,
 10217,           0.9902170,      -18512.1100000,
 10218,           0.9902180,      -18511.1240000,
 10219,           0.9902190,      -18510.1500000,
 10220,           0.9902200,      -18509.1730000,
 10221,           0.9902210,      -18508.2010000,
 10222,           0.9902220,      -18507.2700000,
 10223,           0.9902230,      -18506.2900000,
 10224,           0.9902240,      -18505.3240000,
 10225,           0.9902250,      -18504.3240000,
 10226,           0.9902260,      -18503.3900000,
 10227,           0.9902270,      -18502.4500000,
 10228,           0.9902280,      -18501.4410000,
 10229,           0.9902290,      -18500.4500000,
 10230,           0.9902300,      -18499.5200000,
 10231,           0.9902310,      -18498.5700000,
 10232,           0.9902320,      -18497.5720000,
 10233,           0.9902330,      -18496.6400000,
 10234,           0.9902340,      -18495.6210000,
 10235,           0.9902350,      -18494.6900000,
 10236,           0.9902360,      -18493.7100000,
 10237,           0.9902370,      -18492.7400000,
 10238,           0.9902380,      -18491.7400000,
 10239,           0.9902390,      -18490.7800000,
 10240,           0.9902400,      -18489.8600000,
 10241,           0.9902410,      -18488.8530000,
 10242,           0.9902420,      -18487.8710000,
 10243,           0.9902430,      -18486.8940000,
 10244,           0.9902440,      -18485.9800000,
 10245,           0.9902450,      -18484.9820000,
 10246,           0.9902460,      -18484.0130000,
 10247,           0.9902470,      -18483.0400000,
 10248,           0.9902480,      -18482.0420000,
 10249,           0.9902490,      -18481.1400000,
 10250,           0.9902500,      -18480.1520000,
 10251,           0.9902510,      -18479.1620000,
 10252,           0.9902520,      -18478.1900000,
 10253,           0.9902530,      -18477.2700000,
 10254,           0.9902540,      -18476.2730000,
 10255,           0.9902550,      -18475.3200000,
 10256,           0.9902560,      -18474.3200000,
 10257,           0.9902570,      -18473.3300000,
 10258,           0.9902580,      -18472.4300000,
 10259,           0.9902590,      -18471.4200000,
 10260,           0.9902600,      -18470.4400000,
 10261,           0.9902610,      -18469.4840000,
 10262,           0.9902620,      -18468.5500000,
 10263,           0.9902630,      -18467.5520000,
 10264,           0.9902640,      -18466.6100000,
 10265,           0.9902650,      -18465.6030000,
 10266,           0.9902660,      -18464.6000000,
 10267,           0.9902670,      -18463.6910000,
 10268,           0.9902680,      -18462.7100000,
 10269,           0.9902690,      -18461.7220000,
 10270,           0.9902700,      -18460.7500000,
 10271,           0.9902710,      -18459.8330000,
 10272,           0.9902720,      -18458.8330000,
 10273,           0.9902730,      -18457.8730000,
 10274,           0.9902740,      -18456.8800000,
 10275,           0.9902750,      -18455.9000000,
 10276,           0.9902760,      -18455.0000000,
 10277,           0.9902770,      -18454.0000000,
 10278,           0.9902780,      -18453.0300000,
 10279,           0.9902790,      -18452.0500000,
 10280,           0.9902800,      -18451.1030000,
 10281,           0.9902810,      -18450.1100000,
 10282,           0.9902820,      -18449.1500000,
 10283,           0.9902830,      -18536.1800000,
 10284,           0.9902840,      -18535.1930000,
 10285,           0.9902850,      -18534.3120000,
 10286,           0.9902860,      -18533.3000000,
 10287,           0.9902870,      -18532.3100000,
 10288,           0.9902880,      -18531.3510000,
 10289,           0.9902890,      -18530.4400000,
 10290,           0.9902900,      -18529.4400000,
 10291,           0.9902910,      -18528.4640000,
 10292,           0.9902920,      -18527.4900000,
 10293,           0.9902930,      -18526.5000000,
 10294,           0.9902940,      -18525.5600000,
 10295,           0.9902950,      -18524.5800000,
 10296,           0.9902960,      -18523.6000000,
 10297,           0.9902970,      -18522.6030000,
 10298,           0.9902980,      -18521.7100000,
 10299,           0.9902990,      -18520.7400000,
 10300,           0.9903000,      -18519.7200000,
 10301,           0.9903010,      -18518.7500000,
 10302,           0.9903020,      -18517.7600000,
 10303,           0.9903030,      -18516.8430000,
 10304,           0.9903040,      -18515.8700000,
 10305,           0.9903050,      -18514.8820000,
 10306,           0.9903060,      -18513.8900000,
 10307,           0.9903070,      -18513.0000000,
 10308,           0.9903080,      -18511.9820000,
 10309,           0.9903090,      -18511.0000000,
 10310,           0.9903100,      -18510.0400000,
 10311,           0.9903110,      -18509.0440000,
 10312,           0.9903120,      -18508.1100000,
 10313,           0.9903130,      -18507.1600000,
 10314,           0.9903140,      -18506.1800000,
 10315,           0.9903150,      -18505.1520000,
 10316,           0.9903160,      -18504.2510000,
 10317,           0.9903170,      -18503.2630000,
 10318,           0.9903180,      -18502.2710000,
 10319,           0.9903190,      -18501.3200000,
 10320,           0.9903200,      -18500.3100000,
 10321,           0.9903210,      -18499.3900000,
 10322,           0.9903220,      -18498.4230000,
 10323,           0.9903230,      -18497.4100000,
 10324,           0.9903240,      -18496.4530000,
 10325,           0.9903250,      -18495.5300000,
 10326,           0.9903260,      -18494.5300000,
 10327,           0.9903270,      -18493.5400000,
 10328,           0.9903280,      -18492.5720000,
 10329,           0.9903290,      -18491.5800000,
 10330,           0.9903300,      -18490.6520000,
 10331,           0.9903310,      -18489.7100000,
 10332,           0.9903320,      -18488.7100000,
 10333,           0.9903330,      -18487.6930000,
 10334,           0.9903340,      -18486.7630000,
 10335,           0.9903350,      -18485.8240000,
 10336,           0.9903360,      -18484.8000000,
 10337,           0.9903370,      -18483.8120000,
 10338,           0.9903380,      -18482.8900000,
 10339,           0.9903390,      -18481.9600000,
 10340,           0.9903400,      -18480.9410000,
 10341,           0.9903410,      -18479.9820000,
 10342,           0.9903420,      -18479.0000000,
 10343,           0.9903430,      -18478.0540000,
 10344,           0.9903440,      -18477.0800000,
 10345,           0.9903450,      -18476.0900000,
 10346,           0.9903460,      -18475.0900000,
 10347,           0.9903470,      -18474.1300000,
 10348,           0.9903480,      -18473.1910000,
 10349,           0.9903490,      -18472.2120000,
 10350,           0.9903500,      -18471.2420000,
 10351,           0.9903510,      -18470.2510000,
 10352,           0.9903520,      -18469.3000000,
 10353,           0.9903530,      -18468.3500000,
 10354,           0.9903540,      -18467.3700000,
 10355,           0.9903550,      -18466.3700000,
 10356,           0.9903560,      -18465.3940000,
 10357,           0.9903570,      -18464.4620000,
 10358,           0.9903580,      -18463.4600000,
 10359,           0.9903590,      -18462.5000000,
 10360,           0.9903600,      -18461.5000000,
 10361,           0.9903610,      -18460.5640000,
 10362,           0.9903620,      -18459.5820000,
 10363,           0.9903630,      -18458.5910000,
 10364,           0.9903640,      -18457.6110000,
 10365,           0.9903650,      -18456.6230000,
 10366,           0.9903660,      -18455.7010000,
 10367,           0.9903670,      -18454.6930000,
 10368,           0.9903680,      -18453.7010000,
 10369,           0.9903690,      -18452.7400000,
 10370,           0.9903700,      -18451.8020000,
 10371,           0.9903710,      -18450.8240000,
 10372,           0.9903720,      -18449.8410000,
 10373,           0.9903730,      -18448.8400000,
 10374,           0.9903740,      -18447.8510000,
 10375,           0.9903750,      -18446.9430000,
 10376,           0.9903760,      -18445.9600000,
 10377,           0.9903770,      -18444.9330000,
 10378,           0.9903780,      -18443.9840000,
 10379,           0.9903790,      -18443.0400000,
 10380,           0.9903800,      -18442.0300000,
 10381,           0.9903810,      -18441.0700000,
 10382,           0.9903820,      -18440.0700000,
 10383,           0.9903830,      -18439.0800000,
 10384,           0.9903840,      -18438.1800000,
 10385,           0.9903850,      -18437.1700000,
 10386,           0.9903860,      -18436.1710000,
 10387,           0.9903870,      -18435.2120000,
 10388,           0.9903880,      -18434.2610000,
 10389,           0.9903890,      -18433.2810000,
 10390,           0.9903900,      -18432.2940000,
 10391,           0.9903910,      -18431.2910000,
 10392,           0.9903920,      -18430.3100000,
 10393,           0.9903930,      -18429.4000000,
 10394,           0.9903940,      -18428.4000000,
 10395,           0.9903950,      -18427.4000000,
 10396,           0.9903960,      -18426.4330000,
 10397,           0.9903970,      -18425.5110000,
 10398,           0.9903980,      -18424.5000000,
 10399,           0.9903990,      -18423.5130000,
 10400,           0.9904000,      -18422.5410000,
 10401,           0.9904010,      -18421.5500000,
 10402,           0.9904020,      -18420.6100000,
 10403,           0.9904030,      -18419.6340000,
 10404,           0.9904040,      -18418.6500000,
 10405,           0.9904050,      -18417.6300000,
 10406,           0.9904060,      -18416.7220000,
 10407,           0.9904070,      -18415.7300000,
 10408,           0.9904080,      -18414.7340000,
 10409,           0.9904090,      -18413.7700000,
 10410,           0.9904100,      -18412.8400000,
 10411,           0.9904110,      -18411.8320000,
 10412,           0.9904120,      -18410.8710000,
 10413,           0.9904130,      -18409.8700000,
 10414,           0.9904140,      -18408.8630000,
 10415,           0.9904150,      -18407.9510000,
 10416,           0.9904160,      -18406.9600000,
 10417,           0.9904170,      -18405.9800000,
 10418,           0.9904180,      -18404.9800000,
 10419,           0.9904190,      -18404.0500000,
 10420,           0.9904200,      -18394.4000000,
 10421,           0.9904210,      -18393.4300000,
 10422,           0.9904220,      -18392.4510000,
 10423,           0.9904230,      -18391.4500000,
 10424,           0.9904240,      -18390.5330000,
 10425,           0.9904250,      -18389.5400000,
 10426,           0.9904260,      -18388.5300000,
 10427,           0.9904270,      -18387.5910000,
 10428,           0.9904280,      -18386.6400000,
 10429,           0.9904290,      -18385.6300000,
 10430,           0.9904300,      -18384.6420000,
 10431,           0.9904310,      -18383.6730000,
 10432,           0.9904320,      -18382.6700000,
 10433,           0.9904330,      -18381.7200000,
 10434,           0.9904340,      -18380.7700000,
 10435,           0.9904350,      -18379.7600000,
 10436,           0.9904360,      -18378.7610000,
 10437,           0.9904370,      -18377.8500000,
 10438,           0.9904380,      -18376.8700000,
 10439,           0.9904390,      -18375.8700000,
 10440,           0.9904400,      -18374.9000000,
 10441,           0.9904410,      -18373.8900000,
 10442,           0.9904420,      -18372.9740000,
 10443,           0.9904430,      -18371.9840000,
 10444,           0.9904440,      -18370.9800000,
 10445,           0.9904450,      -18370.0100000,
 10446,           0.9904460,      -18369.0900000,
 10447,           0.9904470,      -18368.0740000,
 10448,           0.9904480,      -18367.0800000,
 10449,           0.9904490,      -18366.1300000,
 10450,           0.9904500,      -18365.1210000,
 10451,           0.9904510,      -18364.1800000,
 10452,           0.9904520,      -18363.2100000,
 10453,           0.9904530,      -18362.2030000,
 10454,           0.9904540,      -18361.2120000,
 10455,           0.9904550,      -18360.2600000,
 10456,           0.9904560,      -18359.2920000,
 10457,           0.9904570,      -18358.3040000,
 10458,           0.9904580,      -18357.3120000,
 10459,           0.9904590,      -18356.3300000,
 10460,           0.9904600,      -18355.3840000,
 10461,           0.9904610,      -18354.4200000,
 10462,           0.9904620,      -18353.4400000,
 10463,           0.9904630,      -18352.4400000,
 10464,           0.9904640,      -18351.4800000,
 10465,           0.9904650,      -18350.5200000,
 10466,           0.9904660,      -18349.5300000,
 10467,           0.9904670,      -18348.5200000,
 10468,           0.9904680,      -18347.5540000,
 10469,           0.9904690,      -18346.6100000,
 10470,           0.9904700,      -18345.6200000,
 10471,           0.9904710,      -18344.6540000,
 10472,           0.9904720,      -18343.6600000,
 10473,           0.9904730,      -18342.7030000,
 10474,           0.9904740,      -18341.7400000,
 10475,           0.9904750,      -18340.7400000,
 10476,           0.9904760,      -18339.7530000,
 10477,           0.9904770,      -18338.7830000,
 10478,           0.9904780,      -18337.8400000,
 10479,           0.9904790,      -18336.8240000,
 10480,           0.9904800,      -18335.8220000,
 10481,           0.9904810,      -18334.8500000,
 10482,           0.9904820,      -18333.9100000,
 10483,           0.9904830,      -18332.9300000,
 10484,           0.9904840,      -18331.9700000,
 10485,           0.9904850,      -18330.9640000,
 10486,           0.9904860,      -18329.9600000,
 10487,           0.9904870,      -18329.0410000,
 10488,           0.9904880,      -18328.0410000,
 10489,           0.9904890,      -18327.0300000,
 10490,           0.9904900,      -18326.0700000,
 10491,           0.9904910,      -18325.1210000,
 10492,           0.9904920,      -18324.1230000,
 10493,           0.9904930,      -18323.1520000,
 10494,           0.9904940,      -18322.1520000,
 10495,           0.9904950,      -18321.1700000,
 10496,           0.9904960,      -18320.2510000,
 10497,           0.9904970,      -18319.2300000,
 10498,           0.9904980,      -18318.2300000,
 10499,           0.9904990,      -18317.2800000,
 10500,           0.9905000,      -18316.3320000,
 10501,           0.9905010,      -18315.3320000,
 10502,           0.9905020,      -18314.3300000,
 10503,           0.9905030,      -18313.3730000,
 10504,           0.9905040,      -18312.3730000,
 10505,           0.9905050,      -18311.4120000,
 10506,           0.9905060,      -18310.4500000,
 10507,           0.9905070,      -18309.4500000,
 10508,           0.9905080,      -18308.4600000,
 10509,           0.9905090,      -18307.5410000,
 10510,           0.9905100,      -18306.5400000,
 10511,           0.9905110,      -18305.5500000,
 10512,           0.9905120,      -18304.5600000,
 10513,           0.9905130,      -18303.5720000,
 10514,           0.9905140,      -18302.6200000,
 10515,           0.9905150,      -18301.6710000,
 10516,           0.9905160,      -18300.6600000,
 10517,           0.9905170,      -18299.6500000,
 10518,           0.9905180,      -18298.7340000,
 10519,           0.9905190,      -18297.7510000,
 10520,           0.9905200,      -18296.7500000,
 10521,           0.9905210,      -18295.7800000,
 10522,           0.9905220,      -18294.7730000,
 10523,           0.9905230,      -18293.8400000,
 10524,           0.9905240,      -18292.8200000,
 10525,           0.9905250,      -18291.8600000,
 10526,           0.9905260,      -18290.8600000,
 10527,           0.9905270,      -18289.9310000,
 10528,           0.9905280,      -18288.9600000,
 10529,           0.9905290,      -18287.9410000,
 10530,           0.9905300,      -18286.9430000,
 10531,           0.9905310,      -18285.9920000,
 10532,           0.9905320,      -18285.0300000,
 10533,           0.9905330,      -18372.0500000,
 10534,           0.9905340,      -18371.0900000,
 10535,           0.9905350,      -18370.0930000,
 10536,           0.9905360,      -18369.1600000,
 10537,           0.9905370,      -18368.1640000,
 10538,           0.9905380,      -18367.1700000,
 10539,           0.9905390,      -18366.1700000,
 10540,           0.9905400,      -18365.1930000,
 10541,           0.9905410,      -18364.2500000,
 10542,           0.9905420,      -18363.2600000,
 10543,           0.9905430,      -18362.2730000,
 10544,           0.9905440,      -18361.2800000,
 10545,           0.9905450,      -18360.3330000,
 10546,           0.9905460,      -18359.3500000,
 10547,           0.9905470,      -18358.3800000,
 10548,           0.9905480,      -18357.3510000,
 10549,           0.9905490,      -18356.3510000,
 10550,           0.9905500,      -18355.4430000,
 10551,           0.9905510,      -18354.4500000,
 10552,           0.9905520,      -18353.4400000,
 10553,           0.9905530,      -18352.4600000,
 10554,           0.9905540,      -18351.5110000,
 10555,           0.9905550,      -18350.5300000,
 10556,           0.9905560,      -18349.5600000,
 10557,           0.9905570,      -18348.5600000,
 10558,           0.9905580,      -18347.5600000,
 10559,           0.9905590,      -18346.6600000,
 10560,           0.9905600,      -18345.6200000,
 10561,           0.9905610,      -18344.6200000,
 10562,           0.9905620,      -18343.6640000,
 10563,           0.9905630,      -18342.7240000,
 10564,           0.9905640,      -18341.7220000,
 10565,           0.9905650,      -18340.7300000,
 10566,           0.9905660,      -18339.7530000,
 10567,           0.9905670,      -18338.7440000,
 10568,           0.9905680,      -18337.7810000,
 10569,           0.9905690,      -18336.8200000,
 10570,           0.9905700,      -18335.8200000,
 10571,           0.9905710,      -18334.8300000,
 10572,           0.9905720,      -18333.8840000,
 10573,           0.9905730,      -18332.8940000,
 10574,           0.9905740,      -18323.6500000,
 10575,           0.9905750,      -18322.6900000,
 10576,           0.9905760,      -18321.6620000,
 10577,           0.9905770,      -18320.7120000,
 10578,           0.9905780,      -18319.7500000,
 10579,           0.9905790,      -18318.7400000,
 10580,           0.9905800,      -18317.7400000,
 10581,           0.9905810,      -18316.8220000,
 10582,           0.9905820,      -18315.8200000,
 10583,           0.9905830,      -18314.8320000,
 10584,           0.9905840,      -18313.8710000,
 10585,           0.9905850,      -18312.8630000,
 10586,           0.9905860,      -18311.9000000,
 10587,           0.9905870,      -18310.9200000,
 10588,           0.9905880,      -18309.9530000,
 10589,           0.9905890,      -18308.9210000,
 10590,           0.9905900,      -18307.9740000,
 10591,           0.9905910,      -18307.0200000,
 10592,           0.9905920,      -18306.0100000,
 10593,           0.9905930,      -18304.9820000,
 10594,           0.9905940,      -18304.0100000,
 10595,           0.9905950,      -18303.0900000,
 10596,           0.9905960,      -18302.0800000,
 10597,           0.9905970,      -18301.1200000,
 10598,           0.9905980,      -18300.0930000,
 10599,           0.9905990,      -18291.1800000,
 10600,           0.9906000,      -18290.2120000,
 10601,           0.9906010,      -18289.1900000,
 10602,           0.9906020,      -18288.1910000,
 10603,           0.9906030,      -18287.2300000,
 10604,           0.9906040,      -18286.2710000,
 10605,           0.9906050,      -18285.2630000,
 10606,           0.9906060,      -18284.2320000,
 10607,           0.9906070,      -18283.2800000,
 10608,           0.9906080,      -18282.3430000,
 10609,           0.9906090,      -18281.3500000,
 10610,           0.9906100,      -18280.3530000,
 10611,           0.9906110,      -18279.3600000,
 10612,           0.9906120,      -18278.4100000,
 10613,           0.9906130,      -18277.4300000,
 10614,           0.9906140,      -18276.4200000,
 10615,           0.9906150,      -18275.4300000,
 10616,           0.9906160,      -18274.4410000,
 10617,           0.9906170,      -18273.5100000,
 10618,           0.9906180,      -18272.5000000,
 10619,           0.9906190,      -18271.5230000,
 10620,           0.9906200,      -18270.5230000,
 10621,           0.9906210,      -18269.5500000,
 10622,           0.9906220,      -18268.5330000,
 10623,           0.9906230,      -18267.5720000,
 10624,           0.9906240,      -18266.5800000,
 10625,           0.9906250,      -18265.5640000,
 10626,           0.9906260,      -18264.6540000,
 10627,           0.9906270,      -18263.6300000,
 10628,           0.9906280,      -18262.6500000,
 10629,           0.9906290,      -18261.6620000,
 10630,           0.9906300,      -18260.7010000,
 10631,           0.9906310,      -18259.7000000,
 10632,           0.9906320,      -18258.7530000,
 10633,           0.9906330,      -18257.7400000,
 10634,           0.9906340,      -18256.7140000,
 10635,           0.9906350,      -18255.8000000,
 10636,           0.9906360,      -18254.8020000,
 10637,           0.9906370,      -18253.8100000,
 10638,           0.9906380,      -18252.8200000,
 10639,           0.9906390,      -18251.8400000,
 10640,           0.9906400,      -18250.8610000,
 10641,           0.9906410,      -18249.8500000,
 10642,           0.9906420,      -18248.8800000,
 10643,           0.9906430,      -18247.8500000,
 10644,           0.9906440,      -18246.9100000,
 10645,           0.9906450,      -18245.9600000,
 10646,           0.9906460,      -18244.9310000,
 10647,           0.9906470,      -18243.9210000,
 10648,           0.9906480,      -18243.0130000,
 10649,           0.9906490,      -18242.0010000,
 10650,           0.9906500,      -18241.0100000,
 10651,           0.9906510,      -18240.0300000,
 10652,           0.9906520,      -18239.0100000,
 10653,           0.9906530,      -18238.0820000,
 10654,           0.9906540,      -18237.0900000,
 10655,           0.9906550,      -18236.0640000,
 10656,           0.9906560,      -18235.0700000,
 10657,           0.9906570,      -18234.1300000,
 10658,           0.9906580,      -18233.1520000,
 10659,           0.9906590,      -18232.1400000,
 10660,           0.9906600,      -18231.1200000,
 10661,           0.9906610,      -18230.1440000,
 10662,           0.9906620,      -18229.1930000,
 10663,           0.9906630,      -18228.1910000,
 10664,           0.9906640,      -18227.2140000,
 10665,           0.9906650,      -18226.2030000,
 10666,           0.9906660,      -18225.2630000,
 10667,           0.9906670,      -18224.2900000,
 10668,           0.9906680,      -18223.2800000,
 10669,           0.9906690,      -18222.2630000,
 10670,           0.9906700,      -18221.2910000,
 10671,           0.9906710,      -18220.3100000,
 10672,           0.9906720,      -18219.3300000,
 10673,           0.9906730,      -18218.3400000,
 10674,           0.9906740,      -18217.3500000,
 10675,           0.9906750,      -18216.3700000,
 10676,           0.9906760,      -18215.3710000,
 10677,           0.9906770,      -18214.3800000,
 10678,           0.9906780,      -18213.3840000,
 10679,           0.9906790,      -18212.3840000,
 10680,           0.9906800,      -18211.4700000,
 10681,           0.9906810,      -18210.4410000,
 10682,           0.9906820,      -18209.4300000,
 10683,           0.9906830,      -18208.4600000,
 10684,           0.9906840,      -18207.4800000,
 10685,           0.9906850,      -18206.4640000,
 10686,           0.9906860,      -18205.4820000,
 10687,           0.9906870,      -18204.4600000,
 10688,           0.9906880,      -18203.4400000,
 10689,           0.9906890,      -18202.4920000,
 10690,           0.9906900,      -18201.4940000,
 10691,           0.9906910,      -18200.4820000,
 10692,           0.9906920,      -18199.4640000,
 10693,           0.9906930,      -18198.5420000,
 10694,           0.9906940,      -18197.5130000,
 10695,           0.9906950,      -18196.4800000,
 10696,           0.9906960,      -18195.5000000,
 10697,           0.9906970,      -18194.4720000,
 10698,           0.9906980,      -18193.5200000,
 10699,           0.9906990,      -18192.5200000,
 10700,           0.9907000,      -18191.4900000,
 10701,           0.9907010,      -18190.4700000,
 10702,           0.9907020,      -18189.5310000,
 10703,           0.9907030,      -18188.5130000,
 10704,           0.9907040,      -18187.4900000,
 10705,           0.9907050,      -18186.4900000,
 10706,           0.9907060,      -18185.4700000,
 10707,           0.9907070,      -18184.5010000,
 10708,           0.9907080,      -18183.4700000,
 10709,           0.9907090,      -18182.4900000,
 10710,           0.9907100,      -18181.4620000,
 10711,           0.9907110,      -18180.4940000,
 10712,           0.9907120,      -18179.4900000,
 10713,           0.9907130,      -18178.4800000,
 10714,           0.9907140,      -18177.4400000,
 10715,           0.9907150,      -18176.4600000,
 10716,           0.9907160,      -18175.4720000,
 10717,           0.9907170,      -18174.4640000,
 10718,           0.9907180,      -18173.4720000,
 10719,           0.9907190,      -18172.4400000,
 10720,           0.9907200,      -18171.4700000,
 10721,           0.9907210,      -18170.4410000,
 10722,           0.9907220,      -18169.4530000,
 10723,           0.9907230,      -18168.4330000,
 10724,           0.9907240,      -18167.4100000,
 10725,           0.9907250,      -18166.4620000,
 10726,           0.9907260,      -18165.4600000,
 10727,           0.9907270,      -18164.4120000,
 10728,           0.9907280,      -18163.4120000,
 10729,           0.9907290,      -18162.4500000,
 10730,           0.9907300,      -18161.4300000,
 10731,           0.9907310,      -18160.4400000,
 10732,           0.9907320,      -18159.4200000,
 10733,           0.9907330,      -18158.3820000,
 10734,           0.9907340,      -18157.4500000,
 10735,           0.9907350,      -18156.4300000,
 10736,           0.9907360,      -18155.4120000,
 10737,           0.9907370,      -18154.3700000,
 10738,           0.9907380,      -18153.4400000,
 10739,           0.9907390,      -18152.4210000,
 10740,           0.9907400,      -18151.3820000,
 10741,           0.9907410,      -18150.4020000,
 10742,           0.9907420,      -18149.3730000,
 10743,           0.9907430,      -18148.4100000,
 10744,           0.9907440,      -18147.4040000,
 10745,           0.9907450,      -18146.3900000,
 10746,           0.9907460,      -18145.3700000,
 10747,           0.9907470,      -18144.4200000,
 10748,           0.9907480,      -18143.3920000,
 10749,           0.9907490,      -18142.3610000,
 10750,           0.9907500,      -18141.3730000,
 10751,           0.9907510,      -18140.3410000,
 10752,           0.9907520,      -18139.3700000,
 10753,           0.9907530,      -18138.3510000,
 10754,           0.9907540,      -18137.3500000,
 10755,           0.9907550,      -18136.3220000,
 10756,           0.9907560,      -18135.3700000,
 10757,           0.9907570,      -18134.3530000,
 10758,           0.9907580,      -18133.3400000,
 10759,           0.9907590,      -18132.3200000,
 10760,           0.9907600,      -18131.3320000,
 10761,           0.9907610,      -18130.3500000,
 10762,           0.9907620,      -18129.3300000,
 10763,           0.9907630,      -18128.3330000,
 10764,           0.9907640,      -18127.3040000,
 10765,           0.9907650,      -18126.3200000,
 10766,           0.9907660,      -18125.3200000,
 10767,           0.9907670,      -18124.3200000,
 10768,           0.9907680,      -18123.3000000,
 10769,           0.9907690,      -18122.2710000,
 10770,           0.9907700,      -18121.3200000,
 10771,           0.9907710,      -18120.3200000,
 10772,           0.9907720,      -18119.2810000,
 10773,           0.9907730,      -18118.2710000,
 10774,           0.9907740,      -18117.3200000,
 10775,           0.9907750,      -18116.2900000,
 10776,           0.9907760,      -18115.3000000,
 10777,           0.9907770,      -18114.2710000,
 10778,           0.9907780,      -18113.2320000,
 10779,           0.9907790,      -18112.2610000,
 10780,           0.9907800,      -18111.2920000,
 10781,           0.9907810,      -18110.2600000,
 10782,           0.9907820,      -18109.2200000,
 10783,           0.9907830,      -18108.2810000,
 10784,           0.9907840,      -18107.2700000,
 10785,           0.9907850,      -18106.2320000,
 10786,           0.9907860,      -18105.2600000,
 10787,           0.9907870,      -18104.2000000,
 10788,           0.9907880,      -18103.2600000,
 10789,           0.9907890,      -18102.2630000,
 10790,           0.9907900,      -18101.2200000,
 10791,           0.9907910,      -18100.1810000,
 10792,           0.9907920,      -18099.2140000,
 10793,           0.9907930,      -18098.2120000,
 10794,           0.9907940,      -18097.2030000,
 10795,           0.9907950,      -18096.1730000,
 10796,           0.9907960,      -18095.1800000,
 10797,           0.9907970,      -18094.2000000,
 10798,           0.9907980,      -18093.2000000,
 10799,           0.9907990,      -18092.1900000,
 10800,           0.9908000,      -18091.1600000,
 10801,           0.9908010,      -18090.1800000,
 10802,           0.9908020,      -18089.1800000,
 10803,           0.9908030,      -18088.1700000,
 10804,           0.9908040,      -18087.1340000,
 10805,           0.9908050,      -18086.2000000,
 10806,           0.9908060,      -18085.1700000,
 10807,           0.9908070,      -18084.1420000,
 10808,           0.9908080,      -18083.1200000,
 10809,           0.9908090,      -18082.1230000,
 10810,           0.9908100,      -18081.1400000,
 10811,           0.9908110,      -18080.1110000,
 10812,           0.9908120,      -18079.1440000,
 10813,           0.9908130,      -18078.1010000,
 10814,           0.9908140,      -18077.1500000,
 10815,           0.9908150,      -18076.1300000,
 10816,           0.9908160,      -18075.1300000,
 10817,           0.9908170,      -18074.0910000,
 10818,           0.9908180,      -18073.1000000,
 10819,           0.9908190,      -18072.1200000,
 10820,           0.9908200,      -18071.0700000,
 10821,           0.9908210,      -18070.0700000,
 10822,           0.9908220,      -18069.0640000,
 10823,           0.9908230,      -18068.1000000,
 10824,           0.9908240,      -18067.0620000,
 10825,           0.9908250,      -18066.0640000,
 10826,           0.9908260,      -18065.0440000,
 10827,           0.9908270,      -18064.0100000,
 10828,           0.9908280,      -18063.0740000,
 10829,           0.9908290,      -18062.0500000,
 10830,           0.9908300,      -18061.0300000,
 10831,           0.9908310,      -18060.0130000,
 10832,           0.9908320,      -18059.0700000,
 10833,           0.9908330,      -18058.0300000,
 10834,           0.9908340,      -18056.9800000,
 10835,           0.9908350,      -18055.9920000,
 10836,           0.9908360,      -18054.9510000,
 10837,           0.9908370,      -18054.0000000,
 10838,           0.9908380,      -18053.0000000,
 10839,           0.9908390,      -18051.9500000,
 10840,           0.9908400,      -18050.9330000,
 10841,           0.9908410,      -18050.0000000,
 10842,           0.9908420,      -18048.9700000,
 10843,           0.9908430,      -18047.9330000,
 10844,           0.9908440,      -18046.9500000,
 10845,           0.9908450,      -18045.9300000,
 10846,           0.9908460,      -18044.9500000,
 10847,           0.9908470,      -18043.9120000,
 10848,           0.9908480,      -18042.9100000,
 10849,           0.9908490,      -18041.8840000,
 10850,           0.9908500,      -18040.9330000,
 10851,           0.9908510,      -18039.9100000,
 10852,           0.9908520,      -18038.8800000,
 10853,           0.9908530,      -18037.8510000,
 10854,           0.9908540,      -18036.8700000,
 10855,           0.9908550,      -18035.8940000,
 10856,           0.9908560,      -18034.8530000,
 10857,           0.9908570,      -18033.8710000,
 10858,           0.9908580,      -18032.8220000,
 10859,           0.9908590,      -18031.8710000,
 10860,           0.9908600,      -18030.8400000,
 10861,           0.9908610,      -18029.8300000,
 10862,           0.9908620,      -18028.8000000,
 10863,           0.9908630,      -18027.7800000,
 10864,           0.9908640,      -18026.8410000,
 10865,           0.9908650,      -18025.8020000,
 10866,           0.9908660,      -18024.7810000,
 10867,           0.9908670,      -18023.7730000,
 10868,           0.9908680,      -18022.8220000,
 10869,           0.9908690,      -18021.7900000,
 10870,           0.9908700,      -18020.7800000,
 10871,           0.9908710,      -18019.7420000,
 10872,           0.9908720,      -18018.7100000,
 10873,           0.9908730,      -18017.7600000,
 10874,           0.9908740,      -18016.7700000,
 10875,           0.9908750,      -18015.7140000,
 10876,           0.9908760,      -18014.6810000,
 10877,           0.9908770,      -18013.7500000,
 10878,           0.9908780,      -18012.7300000,
 10879,           0.9908790,      -18011.6900000,
 10880,           0.9908800,      -18010.7030000,
 10881,           0.9908810,      -18009.6440000,
 10882,           0.9908820,      -18008.6800000,
 10883,           0.9908830,      -18007.6620000,
 10884,           0.9908840,      -18006.6500000,
 10885,           0.9908850,      -18005.6200000,
 10886,           0.9908860,      -18004.6540000,
 10887,           0.9908870,      -18003.6500000,
 10888,           0.9908880,      -18090.6500000,
 10889,           0.9908890,      -18089.6210000,
 10890,           0.9908900,      -18088.6010000,
 10891,           0.9908910,      -18087.6500000,
 10892,           0.9908920,      -18086.6300000,
 10893,           0.9908930,      -18085.6100000,
 10894,           0.9908940,      -18084.5820000,
 10895,           0.9908950,      -18083.6100000,
 10896,           0.9908960,      -18082.5600000,
 10897,           0.9908970,      -18081.5740000,
 10898,           0.9908980,      -18080.5500000,
 10899,           0.9908990,      -18079.5010000,
 10900,           0.9909000,      -18078.5900000,
 10901,           0.9909010,      -18077.5330000,
 10902,           0.9909020,      -18076.5100000,
 10903,           0.9909030,      -18075.5200000,
 10904,           0.9909040,      -18074.5420000,
 10905,           0.9909050,      -18073.5000000,
 10906,           0.9909060,      -18072.5030000,
 10907,           0.9909070,      -18071.4900000,
 10908,           0.9909080,      -18070.4400000,
 10909,           0.9909090,      -18069.4640000,
 10910,           0.9909100,      -18068.4700000,
 10911,           0.9909110,      -18067.4140000,
 10912,           0.9909120,      -18066.3920000,
 10913,           0.9909130,      -18065.4620000,
 10914,           0.9909140,      -18064.4300000,
 10915,           0.9909150,      -18063.3800000,
 10916,           0.9909160,      -18062.3820000,
 10917,           0.9909170,      -18061.3700000,
 10918,           0.9909180,      -18060.3800000,
 10919,           0.9909190,      -18059.3600000,
 10920,           0.9909200,      -18058.3500000,
 10921,           0.9909210,      -18057.2940000,
 10922,           0.9909220,      -18056.3410000,
 10923,           0.9909230,      -18055.3400000,
 10924,           0.9909240,      -18054.2920000,
 10925,           0.9909250,      -18053.2500000,
 10926,           0.9909260,      -18052.2530000,
 10927,           0.9909270,      -18051.2910000,
 10928,           0.9909280,      -18050.2530000,
 10929,           0.9909290,      -18049.2610000,
 10930,           0.9909300,      -18048.2100000,
 10931,           0.9909310,      -18047.2400000,
 10932,           0.9909320,      -18046.2300000,
 10933,           0.9909330,      -18045.2100000,
 10934,           0.9909340,      -18044.1800000,
 10935,           0.9909350,      -18043.1340000,
 10936,           0.9909360,      -18042.1900000,
 10937,           0.9909370,      -18041.1730000,
 10938,           0.9909380,      -18040.1420000,
 10939,           0.9909390,      -18039.1300000,
 10940,           0.9909400,      -18038.1500000,
 10941,           0.9909410,      -18037.1130000,
 10942,           0.9909420,      -18036.0800000,
 10943,           0.9909430,      -18035.0820000,
 10944,           0.9909440,      -18034.0410000,
 10945,           0.9909450,      -18033.0600000,
 10946,           0.9909460,      -18032.0400000,
 10947,           0.9909470,      -18031.0200000,
 10948,           0.9909480,      -18029.9700000,
 10949,           0.9909490,      -18029.0310000,
 10950,           0.9909500,      -18027.9900000,
 10951,           0.9909510,      -18026.9430000,
 10952,           0.9909520,      -18025.9600000,
 10953,           0.9909530,      -18024.9200000,
 10954,           0.9909540,      -18023.9200000,
 10955,           0.9909550,      -18022.8730000,
 10956,           0.9909560,      -18021.8730000,
 10957,           0.9909570,      -18020.8400000,
 10958,           0.9909580,      -18019.8610000,
 10959,           0.9909590,      -18018.8630000,
 10960,           0.9909600,      -18017.8100000,
 10961,           0.9909610,      -18016.7800000,
 10962,           0.9909620,      -18015.7900000,
 10963,           0.9909630,      -18014.7900000,
 10964,           0.9909640,      -18013.7500000,
 10965,           0.9909650,      -18012.7100000,
 10966,           0.9909660,      -18011.6900000,
 10967,           0.9909670,      -18010.7300000,
 10968,           0.9909680,      -18009.6830000,
 10969,           0.9909690,      -18008.6620000,
 10970,           0.9909700,      -18007.6300000,
 10971,           0.9909710,      -18006.5800000,
 10972,           0.9909720,      -18005.6500000,
 10973,           0.9909730,      -18004.6100000,
 10974,           0.9909740,      -18003.5410000,
 10975,           0.9909750,      -18002.4940000,
 10976,           0.9909760,      -18001.5600000,
 10977,           0.9909770,      -18000.5200000,
 10978,           0.9909780,      -17999.4600000,
 10979,           0.9909790,      -17998.4530000,
 10980,           0.9909800,      -17997.4000000,
 10981,           0.9909810,      -17996.4210000,
 10982,           0.9909820,      -17995.4210000,
 10983,           0.9909830,      -17994.3610000,
 10984,           0.9909840,      -17993.3300000,
 10985,           0.9909850,      -17992.3800000,
 10986,           0.9909860,      -17991.3200000,
 10987,           0.9909870,      -17990.2800000,
 10988,           0.9909880,      -17989.2400000,
 10989,           0.9909890,      -17988.2100000,
 10990,           0.9909900,      -17987.2600000,
 10991,           0.9909910,      -17986.1930000,
 10992,           0.9909920,      -17985.1730000,
 10993,           0.9909930,      -17984.1640000,
 10994,           0.9909940,      -17983.1500000,
 10995,           0.9909950,      -17982.1440000,
 10996,           0.9909960,      -17981.1100000,
 10997,           0.9909970,      -17980.0440000,
 10998,           0.9909980,      -17970.1200000,
 10999,           0.9909990,      -17969.1600000,
 11000,           0.9910000,      -17968.0820000,
 11001,           0.9910010,      -17967.0500000,
 11002,           0.9910020,      -17966.0310000,
 11003,           0.9910030,      -17965.0700000,
 11004,           0.9910040,      -17964.0100000,
 11005,           0.9910050,      -17963.0100000,
 11006,           0.9910060,      -17961.9500000,
 11007,           0.9910070,      -17960.9600000,
 11008,           0.9910080,      -17959.9310000,
 11009,           0.9910090,      -17958.9210000,
 11010,           0.9910100,      -17957.8710000,
 11011,           0.9910110,      -17956.8240000,
 11012,           0.9910120,      -17955.8700000,
 11013,           0.9910130,      -17954.8240000,
 11014,           0.9910140,      -17953.7800000,
 11015,           0.9910150,      -17952.7630000,
 11016,           0.9910160,      -17951.7700000,
 11017,           0.9910170,      -17950.7000000,
 11018,           0.9910180,      -17949.6600000,
 11019,           0.9910190,      -17948.6320000,
 11020,           0.9910200,      -17947.5910000,
 11021,           0.9910210,      -17946.6010000,
 11022,           0.9910220,      -17945.5930000,
 11023,           0.9910230,      -17944.5200000,
 11024,           0.9910240,      -17943.4940000,
 11025,           0.9910250,      -17942.5440000,
 11026,           0.9910260,      -17941.4940000,
 11027,           0.9910270,      -17940.4300000,
 11028,           0.9910280,      -17939.3820000,
 11029,           0.9910290,      -17938.3820000,
 11030,           0.9910300,      -17937.3800000,
 11031,           0.9910310,      -17936.3240000,
 11032,           0.9910320,      -17935.3000000,
 11033,           0.9910330,      -17934.2320000,
 11034,           0.9910340,      -17933.2600000,
 11035,           0.9910350,      -17932.2440000,
 11036,           0.9910360,      -17931.1910000,
 11037,           0.9910370,      -17930.1500000,
 11038,           0.9910380,      -17929.1300000,
 11039,           0.9910390,      -17910.6100000,
 11040,           0.9910400,      -17909.5700000,
 11041,           0.9910410,      -17908.5100000,
 11042,           0.9910420,      -17907.5030000,
 11043,           0.9910430,      -17906.5000000,
 11044,           0.9910440,      -17905.4430000,
 11045,           0.9910450,      -17904.4200000,
 11046,           0.9910460,      -17903.3730000,
 11047,           0.9910470,      -17902.3320000,
 11048,           0.9910480,      -17901.3400000,
 11049,           0.9910490,      -17900.3120000,
 11050,           0.9910500,      -17899.2420000,
 11051,           0.9910510,      -17898.2010000,
 11052,           0.9910520,      -17897.2500000,
 11053,           0.9910530,      -17896.1810000,
 11054,           0.9910540,      -17895.1500000,
 11055,           0.9910550,      -17894.1300000,
 11056,           0.9910560,      -17893.0800000,
 11057,           0.9910570,      -17892.0900000,
 11058,           0.9910580,      -17891.0700000,
 11059,           0.9910590,      -17890.0200000,
 11060,           0.9910600,      -17888.9620000,
 11061,           0.9910610,      -17887.9600000,
 11062,           0.9910620,      -17886.9700000,
 11063,           0.9910630,      -17885.9140000,
 11064,           0.9910640,      -17884.8300000,
 11065,           0.9910650,      -17883.8240000,
 11066,           0.9910660,      -17882.8400000,
 11067,           0.9910670,      -17881.7900000,
 11068,           0.9910680,      -17880.7800000,
 11069,           0.9910690,      -17879.6900000,
 11070,           0.9910700,      -17878.7200000,
 11071,           0.9910710,      -17877.6710000,
 11072,           0.9910720,      -17876.6600000,
 11073,           0.9910730,      -17875.6200000,
 11074,           0.9910740,      -17874.5400000,
 11075,           0.9910750,      -17873.5820000,
 11076,           0.9910760,      -17872.5200000,
 11077,           0.9910770,      -17871.4640000,
 11078,           0.9910780,      -17870.4600000,
 11079,           0.9910790,      -17869.4700000,
 11080,           0.9910800,      -17868.4200000,
 11081,           0.9910810,      -17867.3600000,
 11082,           0.9910820,      -17866.3300000,
 11083,           0.9910830,      -17865.2800000,
 11084,           0.9910840,      -17864.2900000,
 11085,           0.9910850,      -17863.2730000,
 11086,           0.9910860,      -17862.2000000,
 11087,           0.9910870,      -17861.1440000,
 11088,           0.9910880,      -17860.1600000,
 11089,           0.9910890,      -17859.1340000,
 11090,           0.9910900,      -17858.0600000,
 11091,           0.9910910,      -17857.0200000,
 11092,           0.9910920,      -17855.9740000,
 11093,           0.9910930,      -17854.9900000,
 11094,           0.9910940,      -17853.9020000,
 11095,           0.9910950,      -17852.9120000,
 11096,           0.9910960,      -17851.8630000,
 11097,           0.9910970,      -17850.8700000,
 11098,           0.9910980,      -17849.7940000,
 11099,           0.9910990,      -17848.7630000,
 11100,           0.9911000,      -17847.7240000,
 11101,           0.9911010,      -17846.6730000,
 11102,           0.9911020,      -17845.6900000,
 11103,           0.9911030,      -17844.6400000,
 11104,           0.9911040,      -17931.6030000,
 11105,           0.9911050,      -17930.5800000,
 11106,           0.9911060,      -17929.5930000,
 11107,           0.9911070,      -17928.5300000,
 11108,           0.9911080,      -17927.4900000,
 11109,           0.9911090,      -17926.4400000,
 11110,           0.9911100,      -17925.3800000,
 11111,           0.9911110,      -17924.3800000,
 11112,           0.9911120,      -17923.3700000,
 11113,           0.9911130,      -17922.3000000,
 11114,           0.9911140,      -17921.2600000,
 11115,           0.9911150,      -17920.2710000,
 11116,           0.9911160,      -17919.2200000,
 11117,           0.9911170,      -17918.1900000,
 11118,           0.9911180,      -17917.1000000,
 11119,           0.9911190,      -17916.1000000,
 11120,           0.9911200,      -17915.0800000,
 11121,           0.9911210,      -18002.0600000,
 11122,           0.9911220,      -18001.0300000,
 11123,           0.9911230,      -17999.9740000,
 11124,           0.9911240,      -17998.9900000,
 11125,           0.9911250,      -17997.9430000,
 11126,           0.9911260,      -17996.9120000,
 11127,           0.9911270,      -17995.8220000,
 11128,           0.9911280,      -17994.7810000,
 11129,           0.9911290,      -17993.8320000,
 11130,           0.9911300,      -17992.7530000,
 11131,           0.9911310,      -17991.6900000,
 11132,           0.9911320,      -17990.6710000,
 11133,           0.9911330,      -17989.6700000,
 11134,           0.9911340,      -17988.6200000,
 11135,           0.9911350,      -17987.5900000,
 11136,           0.9911360,      -17986.5300000,
 11137,           0.9911370,      -17985.4720000,
 11138,           0.9911380,      -17984.4700000,
 11139,           0.9911390,      -17983.4410000,
 11140,           0.9911400,      -17982.3900000,
 11141,           0.9911410,      -17981.3200000,
 11142,           0.9911420,      -17980.3610000,
 11143,           0.9911430,      -17979.3000000,
 11144,           0.9911440,      -17978.2340000,
 11145,           0.9911450,      -17977.1710000,
 11146,           0.9911460,      -17976.1620000,
 11147,           0.9911470,      -17975.1700000,
 11148,           0.9911480,      -17974.1000000,
 11149,           0.9911490,      -17973.0700000,
 11150,           0.9911500,      -17971.9840000,
 11151,           0.9911510,      -17971.0110000,
 11152,           0.9911520,      -17970.0100000,
 11153,           0.9911530,      -17968.9210000,
 11154,           0.9911540,      -17967.8700000,
 11155,           0.9911550,      -17966.7920000,
 11156,           0.9911560,      -17965.8300000,
 11157,           0.9911570,      -17964.7630000,
 11158,           0.9911580,      -17963.7000000,
 11159,           0.9911590,      -17962.6730000,
 11160,           0.9911600,      -17961.6700000,
 11161,           0.9911610,      -17960.6100000,
 11162,           0.9911620,      -17959.5700000,
 11163,           0.9911630,      -17958.5300000,
 11164,           0.9911640,      -18045.5000000,
 11165,           0.9911650,      -18044.5000000,
 11166,           0.9911660,      -18043.4600000,
 11167,           0.9911670,      -18042.3710000,
 11168,           0.9911680,      -18041.3100000,
 11169,           0.9911690,      -18040.3320000,
 11170,           0.9911700,      -18039.3000000,
 11171,           0.9911710,      -18038.2200000,
 11172,           0.9911720,      -18037.1600000,
 11173,           0.9911730,      -18036.1030000,
 11174,           0.9911740,      -18035.1200000,
 11175,           0.9911750,      -18034.0700000,
 11176,           0.9911760,      -18033.0210000,
 11177,           0.9911770,      -18031.9600000,
 11178,           0.9911780,      -18030.9500000,
 11179,           0.9911790,      -18029.9300000,
 11180,           0.9911800,      -18028.8630000,
 11181,           0.9911810,      -18027.8100000,
 11182,           0.9911820,      -18026.7500000,
 11183,           0.9911830,      -18025.7700000,
 11184,           0.9911840,      -18024.7030000,
 11185,           0.9911850,      -18023.6230000,
 11186,           0.9911860,      -18022.6100000,
 11187,           0.9911870,      -18021.6110000,
 11188,           0.9911880,      -18020.5500000,
 11189,           0.9911890,      -18019.4820000,
 11190,           0.9911900,      -18018.4300000,
 11191,           0.9911910,      -18017.3820000,
 11192,           0.9911920,      -18016.3500000,
 11193,           0.9911930,      -18015.3500000,
 11194,           0.9911940,      -18014.2800000,
 11195,           0.9911950,      -18013.2100000,
 11196,           0.9911960,      -18012.2340000,
 11197,           0.9911970,      -18011.1700000,
 11198,           0.9911980,      -18010.1100000,
 11199,           0.9911990,      -18009.0540000,
 11200,           0.9912000,      -18008.0800000,
 11201,           0.9912010,      -18007.0010000,
 11202,           0.9912020,      -18005.9400000,
 11203,           0.9912030,      -17996.5900000,
 11204,           0.9912040,      -17995.5200000,
 11205,           0.9912050,      -17994.5410000,
 11206,           0.9912060,      -17993.5000000,
 11207,           0.9912070,      -17992.4300000,
 11208,           0.9912080,      -17991.3600000,
 11209,           0.9912090,      -17990.3530000,
 11210,           0.9912100,      -17980.4400000,
 11211,           0.9912110,      -17979.3820000,
 11212,           0.9912120,      -17978.3040000,
 11213,           0.9912130,      -17977.2600000,
 11214,           0.9912140,      -17976.2440000,
 11215,           0.9912150,      -17975.1700000,
 11216,           0.9912160,      -17974.1100000,
 11217,           0.9912170,      -17973.0700000,
 11218,           0.9912180,      -17972.0900000,
 11219,           0.9912190,      -17971.0010000,
 11220,           0.9912200,      -17969.9600000,
 11221,           0.9912210,      -17968.8900000,
 11222,           0.9912220,      -17967.8000000,
 11223,           0.9912230,      -17966.8600000,
 11224,           0.9912240,      -17965.7810000,
 11225,           0.9912250,      -17964.7120000,
 11226,           0.9912260,      -17963.6340000,
 11227,           0.9912270,      -17962.6600000,
 11228,           0.9912280,      -17961.5820000,
 11229,           0.9912290,      -17960.5200000,
 11230,           0.9912300,      -17959.4900000,
 11231,           0.9912310,      -17958.4230000,
 11232,           0.9912320,      -17957.4100000,
 11233,           0.9912330,      -17956.3430000,
 11234,           0.9912340,      -17955.3000000,
 11235,           0.9912350,      -17954.2320000,
 11236,           0.9912360,      -17953.2400000,
 11237,           0.9912370,      -17952.2000000,
 11238,           0.9912380,      -17951.1210000,
 11239,           0.9912390,      -17950.0600000,
 11240,           0.9912400,      -17949.0030000,
 11241,           0.9912410,      -17948.0100000,
 11242,           0.9912420,      -17946.9400000,
 11243,           0.9912430,      -17945.8630000,
 11244,           0.9912440,      -17944.8330000,
 11245,           0.9912450,      -17935.4800000,
 11246,           0.9912460,      -17934.4140000,
 11247,           0.9912470,      -17933.3730000,
 11248,           0.9912480,      -17932.3200000,
 11249,           0.9912490,      -17931.2400000,
 11250,           0.9912500,      -17930.2400000,
 11251,           0.9912510,      -17929.1900000,
 11252,           0.9912520,      -17928.1200000,
 11253,           0.9912530,      -17927.0300000,
 11254,           0.9912540,      -17926.0700000,
 11255,           0.9912550,      -17925.0110000,
 11256,           0.9912560,      -17923.9300000,
 11257,           0.9912570,      -17922.8920000,
 11258,           0.9912580,      -17921.8200000,
 11259,           0.9912590,      -17920.8000000,
 11260,           0.9912600,      -17919.7420000,
 11261,           0.9912610,      -17918.7200000,
 11262,           0.9912620,      -17917.6400000,
 11263,           0.9912630,      -17916.6230000,
 11264,           0.9912640,      -17915.5820000,
 11265,           0.9912650,      -17914.5000000,
 11266,           0.9912660,      -17913.4400000,
 11267,           0.9912670,      -17912.3900000,
 11268,           0.9912680,      -17911.4020000,
 11269,           0.9912690,      -17910.3200000,
 11270,           0.9912700,      -17909.2420000,
 11271,           0.9912710,      -17908.2120000,
 11272,           0.9912720,      -17907.2000000,
 11273,           0.9912730,      -17906.1130000,
 11274,           0.9912740,      -17905.1000000,
 11275,           0.9912750,      -17904.0310000,
 11276,           0.9912760,      -17902.9500000,
 11277,           0.9912770,      -17901.9310000,
 11278,           0.9912780,      -17900.8920000,
 11279,           0.9912790,      -17899.8320000,
 11280,           0.9912800,      -17898.7700000,
 11281,           0.9912810,      -17985.8100000,
 11282,           0.9912820,      -17984.7500000,
 11283,           0.9912830,      -17983.6600000,
 11284,           0.9912840,      -17982.5800000,
 11285,           0.9912850,      -17981.5700000,
 11286,           0.9912860,      -17980.5500000,
 11287,           0.9912870,      -17979.4800000,
 11288,           0.9912880,      -17978.4400000,
 11289,           0.9912890,      -17977.3800000,
 11290,           0.9912900,      -17976.3610000,
 11291,           0.9912910,      -17975.2900000,
 11292,           0.9912920,      -17974.2420000,
 11293,           0.9912930,      -17973.2010000,
 11294,           0.9912940,      -17972.1030000,
 11295,           0.9912950,      -17971.1200000,
 11296,           0.9912960,      -17970.0620000,
 11297,           0.9912970,      -17968.9800000,
 11298,           0.9912980,      -17967.9500000,
 11299,           0.9912990,      -17966.9300000,
 11300,           0.9913000,      -17965.8700000,
 11301,           0.9913010,      -17964.7730000,
 11302,           0.9913020,      -17963.7600000,
 11303,           0.9913030,      -17962.6900000,
 11304,           0.9913040,      -17961.6730000,
 11305,           0.9913050,      -17960.6210000,
 11306,           0.9913060,      -17959.5520000,
 11307,           0.9913070,      -17958.4800000,
 11308,           0.9913080,      -17957.4820000,
 11309,           0.9913090,      -17956.4330000,
 11310,           0.9913100,      -17955.3610000,
 11311,           0.9913110,      -17954.2730000,
 11312,           0.9913120,      -17953.2440000,
 11313,           0.9913130,      -17952.2510000,
 11314,           0.9913140,      -17951.1800000,
 11315,           0.9913150,      -17950.1200000,
 11316,           0.9913160,      -17949.0500000,
 11317,           0.9913170,      -17948.0420000,
 11318,           0.9913180,      -17946.9800000,
 11319,           0.9913190,      -17945.9200000,
 11320,           0.9913200,      -17944.8700000,
 11321,           0.9913210,      -17943.7730000,
 11322,           0.9913220,      -17942.7920000,
 11323,           0.9913230,      -17941.7200000,
 11324,           0.9913240,      -17940.6600000,
 11325,           0.9913250,      -17939.5740000,
 11326,           0.9913260,      -17938.6200000,
 11327,           0.9913270,      -17937.5210000,
 11328,           0.9913280,      -17936.4600000,
 11329,           0.9913290,      -17935.4000000,
 11330,           0.9913300,      -17934.3330000,
 11331,           0.9913310,      -17933.3220000,
 11332,           0.9913320,      -17932.2220000,
 11333,           0.9913330,      -17931.1930000,
 11334,           0.9913340,      -17930.1210000,
 11335,           0.9913350,      -17929.1100000,
 11336,           0.9913360,      -17928.0500000,
 11337,           0.9913370,      -17926.9700000,
 11338,           0.9913380,      -17925.8800000,
 11339,           0.9913390,      -17924.8600000,
 11340,           0.9913400,      -17923.8410000,
 11341,           0.9913410,      -17922.7610000,
 11342,           0.9913420,      -17921.6730000,
 11343,           0.9913430,      -17920.6400000,
 11344,           0.9913440,      -17919.6300000,
 11345,           0.9913450,      -17918.5420000,
 11346,           0.9913460,      -17917.5030000,
 11347,           0.9913470,      -17916.4210000,
 11348,           0.9913480,      -17915.3510000,
 11349,           0.9913490,      -17914.3300000,
 11350,           0.9913500,      -17913.2940000,
 11351,           0.9913510,      -17912.2100000,
 11352,           0.9913520,      -17911.1400000,
 11353,           0.9913530,      -17910.1400000,
 11354,           0.9913540,      -17909.0900000,
 11355,           0.9913550,      -17907.9900000,
 11356,           0.9913560,      -17906.9140000,
 11357,           0.9913570,      -17905.8700000,
 11358,           0.9913580,      -17904.8610000,
 11359,           0.9913590,      -17903.7900000,
 11360,           0.9913600,      -17902.7500000,
 11361,           0.9913610,      -17901.6700000,
 11362,           0.9913620,      -17900.6500000,
 11363,           0.9913630,      -17899.5820000,
 11364,           0.9913640,      -17898.5100000,
 11365,           0.9913650,      -17897.4500000,
 11366,           0.9913660,      -17896.3510000,
 11367,           0.9913670,      -17895.4020000,
 11368,           0.9913680,      -17894.3040000,
 11369,           0.9913690,      -17893.2220000,
 11370,           0.9913700,      -17892.1540000,
 11371,           0.9913710,      -17891.1710000,
 11372,           0.9913720,      -17890.1030000,
 11373,           0.9913730,      -17889.0000000,
 11374,           0.9913740,      -17887.9900000,
 11375,           0.9913750,      -17886.9000000,
 11376,           0.9913760,      -17885.8710000,
 11377,           0.9913770,      -17884.8320000,
 11378,           0.9913780,      -17883.7600000,
 11379,           0.9913790,      -17882.6900000,
 11380,           0.9913800,      -17881.6600000,
 11381,           0.9913810,      -17880.6300000,
 11382,           0.9913820,      -17879.5300000,
 11383,           0.9913830,      -17878.4510000,
 11384,           0.9913840,      -17877.4100000,
 11385,           0.9913850,      -17876.4100000,
 11386,           0.9913860,      -17875.3140000,
 11387,           0.9913870,      -17874.2440000,
 11388,           0.9913880,      -17873.2000000,
 11389,           0.9913890,      -17872.2010000,
 11390,           0.9913900,      -17871.1100000,
 11391,           0.9913910,      -17870.0400000,
 11392,           0.9913920,      -17868.9500000,
 11393,           0.9913930,      -17867.8730000,
 11394,           0.9913940,      -17866.8710000,
 11395,           0.9913950,      -17865.8320000,
 11396,           0.9913960,      -17864.7500000,
 11397,           0.9913970,      -17863.6520000,
 11398,           0.9913980,      -17862.6710000,
 11399,           0.9913990,      -17861.5830000,
 11400,           0.9914000,      -17860.5010000,
 11401,           0.9914010,      -17859.4140000,
 11402,           0.9914020,      -17858.4330000,
 11403,           0.9914030,      -17857.3700000,
 11404,           0.9914040,      -17856.2700000,
 11405,           0.9914050,      -17855.2200000,
 11406,           0.9914060,      -17854.1200000,
 11407,           0.9914070,      -17853.1110000,
 11408,           0.9914080,      -17852.0200000,
 11409,           0.9914090,      -17850.9640000,
 11410,           0.9914100,      -17849.8940000,
 11411,           0.9914110,      -17848.8800000,
 11412,           0.9914120,      -17847.8400000,
 11413,           0.9914130,      -17846.7600000,
 11414,           0.9914140,      -17845.6620000,
 11415,           0.9914150,      -17844.5620000,
 11416,           0.9914160,      -17843.5820000,
 11417,           0.9914170,      -17842.5400000,
 11418,           0.9914180,      -17841.4300000,
 11419,           0.9914190,      -17840.3840000,
 11420,           0.9914200,      -17839.3700000,
 11421,           0.9914210,      -17838.2800000,
 11422,           0.9914220,      -17837.1900000,
 11423,           0.9914230,      -17836.1400000,
 11424,           0.9914240,      -17835.0740000,
 11425,           0.9914250,      -17834.0600000,
 11426,           0.9914260,      -17833.0130000,
 11427,           0.9914270,      -17831.9100000,
 11428,           0.9914280,      -17830.8300000,
 11429,           0.9914290,      -17829.8500000,
 11430,           0.9914300,      -17828.7600000,
 11431,           0.9914310,      -17827.6640000,
 11432,           0.9914320,      -17826.6030000,
 11433,           0.9914330,      -17825.5410000,
 11434,           0.9914340,      -17824.5420000,
 11435,           0.9914350,      -17823.4500000,
 11436,           0.9914360,      -17822.3940000,
 11437,           0.9914370,      -17821.2920000,
 11438,           0.9914380,      -17820.2810000,
 11439,           0.9914390,      -17819.1900000,
 11440,           0.9914400,      -17818.1640000,
 11441,           0.9914410,      -17817.0700000,
 11442,           0.9914420,      -17816.0010000,
 11443,           0.9914430,      -17815.0110000,
 11444,           0.9914440,      -17813.9300000,
 11445,           0.9914450,      -17812.8400000,
 11446,           0.9914460,      -17811.7530000,
 11447,           0.9914470,      -17810.7810000,
 11448,           0.9914480,      -17809.7000000,
 11449,           0.9914490,      -17808.6100000,
 11450,           0.9914500,      -17807.5600000,
 11451,           0.9914510,      -17806.4720000,
 11452,           0.9914520,      -17805.4510000,
 11453,           0.9914530,      -17804.3600000,
 11454,           0.9914540,      -17803.3400000,
 11455,           0.9914550,      -17802.2420000,
 11456,           0.9914560,      -17801.2240000,
 11457,           0.9914570,      -17800.1700000,
 11458,           0.9914580,      -17799.0800000,
 11459,           0.9914590,      -17798.0000000,
 11460,           0.9914600,      -17796.9200000,
 11461,           0.9914610,      -17795.9200000,
 11462,           0.9914620,      -17794.8600000,
 11463,           0.9914630,      -17793.7600000,
 11464,           0.9914640,      -17792.6930000,
 11465,           0.9914650,      -17791.7030000,
 11466,           0.9914660,      -17790.6110000,
 11467,           0.9914670,      -17789.5300000,
 11468,           0.9914680,      -17788.4800000,
 11469,           0.9914690,      -17787.4210000,
 11470,           0.9914700,      -17786.3840000,
 11471,           0.9914710,      -17873.3800000,
 11472,           0.9914720,      -17872.2700000,
 11473,           0.9914730,      -17871.2100000,
 11474,           0.9914740,      -17870.1730000,
 11475,           0.9914750,      -17869.1100000,
 11476,           0.9914760,      -17868.0300000,
 11477,           0.9914770,      -17866.9530000,
 11478,           0.9914780,      -17865.9100000,
 11479,           0.9914790,      -17864.8800000,
 11480,           0.9914800,      -17863.8100000,
 11481,           0.9914810,      -17862.7300000,
 11482,           0.9914820,      -17861.6620000,
 11483,           0.9914830,      -17860.6300000,
 11484,           0.9914840,      -17859.5600000,
 11485,           0.9914850,      -17858.5110000,
 11486,           0.9914860,      -17857.4500000,
 11487,           0.9914870,      -17856.3500000,
 11488,           0.9914880,      -17855.3300000,
 11489,           0.9914890,      -17854.2920000,
 11490,           0.9914900,      -17853.1830000,
 11491,           0.9914910,      -17852.1000000,
 11492,           0.9914920,      -17851.0910000,
 11493,           0.9914930,      -17850.0400000,
 11494,           0.9914940,      -17848.9400000,
 11495,           0.9914950,      -17847.8530000,
 11496,           0.9914960,      -17846.8020000,
 11497,           0.9914970,      -17845.7700000,
 11498,           0.9914980,      -17844.6800000,
 11499,           0.9914990,      -17843.6230000,
 11500,           0.9915000,      -17842.5500000,
 11501,           0.9915010,      -17841.5300000,
 11502,           0.9915020,      -17840.4400000,
 11503,           0.9915030,      -17839.3920000,
 11504,           0.9915040,      -17838.3000000,
 11505,           0.9915050,      -17837.2100000,
 11506,           0.9915060,      -17836.2140000,
 11507,           0.9915070,      -17835.1230000,
 11508,           0.9915080,      -17834.0600000,
 11509,           0.9915090,      -17832.9530000,
 11510,           0.9915100,      -17831.9700000,
 11511,           0.9915110,      -17830.8800000,
 11512,           0.9915120,      -17829.8100000,
 11513,           0.9915130,      -17828.7400000,
 11514,           0.9915140,      -17827.6600000,
 11515,           0.9915150,      -17826.6100000,
 11516,           0.9915160,      -17825.5500000,
 11517,           0.9915170,      -17824.5000000,
 11518,           0.9915180,      -17823.4000000,
 11519,           0.9915190,      -17822.3820000,
 11520,           0.9915200,      -17821.3140000,
 11521,           0.9915210,      -17820.2300000,
 11522,           0.9915220,      -17819.1500000,
 11523,           0.9915230,      -17818.0520000,
 11524,           0.9915240,      -17817.0520000,
 11525,           0.9915250,      -17816.0000000,
 11526,           0.9915260,      -17814.9100000,
 11527,           0.9915270,      -17813.8800000,
 11528,           0.9915280,      -17812.8300000,
 11529,           0.9915290,      -17811.7400000,
 11530,           0.9915300,      -17810.6400000,
 11531,           0.9915310,      -17809.6100000,
 11532,           0.9915320,      -17808.5410000,
 11533,           0.9915330,      -17807.5000000,
 11534,           0.9915340,      -17806.4300000,
 11535,           0.9915350,      -17805.3500000,
 11536,           0.9915360,      -17804.2600000,
 11537,           0.9915370,      -17803.2120000,
 11538,           0.9915380,      -17802.1900000,
 11539,           0.9915390,      -17801.1000000,
 11540,           0.9915400,      -17800.0000000,
 11541,           0.9915410,      -17798.9600000,
 11542,           0.9915420,      -17797.9510000,
 11543,           0.9915430,      -17796.8600000,
 11544,           0.9915440,      -17795.7500000,
 11545,           0.9915450,      -17794.7000000,
 11546,           0.9915460,      -17793.6730000,
 11547,           0.9915470,      -17792.5910000,
 11548,           0.9915480,      -17791.5010000,
 11549,           0.9915490,      -17790.4640000,
 11550,           0.9915500,      -17789.3700000,
 11551,           0.9915510,      -17788.3500000,
 11552,           0.9915520,      -17787.2830000,
 11553,           0.9915530,      -17786.2000000,
 11554,           0.9915540,      -17785.1200000,
 11555,           0.9915550,      -17784.0820000,
 11556,           0.9915560,      -17783.0310000,
 11557,           0.9915570,      -17781.9620000,
 11558,           0.9915580,      -17780.8900000,
 11559,           0.9915590,      -17779.8200000,
 11560,           0.9915600,      -17778.8100000,
 11561,           0.9915610,      -17777.7200000,
 11562,           0.9915620,      -17776.6100000,
 11563,           0.9915630,      -17775.5410000,
 11564,           0.9915640,      -17774.5400000,
 11565,           0.9915650,      -17773.4500000,
 11566,           0.9915660,      -17772.4210000,
 11567,           0.9915670,      -17771.3140000,
 11568,           0.9915680,      -17770.2240000,
 11569,           0.9915690,      -17769.2100000,
 11570,           0.9915700,      -17768.1440000,
 11571,           0.9915710,      -17767.0600000,
 11572,           0.9915720,      -17765.9800000,
 11573,           0.9915730,      -17764.9940000,
 11574,           0.9915740,      -17763.9020000,
 11575,           0.9915750,      -17762.8100000,
 11576,           0.9915760,      -17761.7300000,
 11577,           0.9915770,      -17760.6730000,
 11578,           0.9915780,      -17759.6520000,
 11579,           0.9915790,      -17758.5640000,
 11580,           0.9915800,      -17757.5110000,
 11581,           0.9915810,      -17756.4140000,
 11582,           0.9915820,      -17755.3920000,
 11583,           0.9915830,      -17754.3200000,
 11584,           0.9915840,      -17753.2700000,
 11585,           0.9915850,      -17752.1830000,
 11586,           0.9915860,      -17751.0900000,
 11587,           0.9915870,      -17750.1000000,
 11588,           0.9915880,      -17749.0200000,
 11589,           0.9915890,      -17747.9330000,
 11590,           0.9915900,      -17746.8410000,
 11591,           0.9915910,      -17745.8500000,
 11592,           0.9915920,      -17744.7900000,
 11593,           0.9915930,      -17743.6830000,
 11594,           0.9915940,      -17742.6400000,
 11595,           0.9915950,      -17741.6100000,
 11596,           0.9915960,      -17740.5130000,
 11597,           0.9915970,      -17739.4200000,
 11598,           0.9915980,      -17738.3500000,
 11599,           0.9915990,      -17737.2810000,
 11600,           0.9916000,      -17736.2600000,
 11601,           0.9916010,      -17735.1900000,
 11602,           0.9916020,      -17734.1200000,
 11603,           0.9916030,      -17733.0600000,
 11604,           0.9916040,      -17732.0010000,
 11605,           0.9916050,      -17730.9500000,
 11606,           0.9916060,      -17729.8730000,
 11607,           0.9916070,      -17728.7920000,
 11608,           0.9916080,      -17727.7000000,
 11609,           0.9916090,      -17726.7100000,
 11610,           0.9916100,      -17725.6340000,
 11611,           0.9916110,      -17724.5640000,
 11612,           0.9916120,      -17723.4940000,
 11613,           0.9916130,      -17722.4600000,
 11614,           0.9916140,      -17721.3900000,
 11615,           0.9916150,      -17720.2830000,
 11616,           0.9916160,      -17719.2400000,
 11617,           0.9916170,      -17718.1520000,
 11618,           0.9916180,      -17717.1320000,
 11619,           0.9916190,      -17716.0800000,
 11620,           0.9916200,      -17715.0100000,
 11621,           0.9916210,      -17713.9100000,
 11622,           0.9916220,      -17712.8940000,
 11623,           0.9916230,      -17711.8200000,
 11624,           0.9916240,      -17710.7500000,
 11625,           0.9916250,      -17709.6520000,
 11626,           0.9916260,      -17708.5910000,
 11627,           0.9916270,      -17707.5820000,
 11628,           0.9916280,      -17706.5000000,
 11629,           0.9916290,      -17705.4230000,
 11630,           0.9916300,      -17704.3800000,
 11631,           0.9916310,      -17703.3400000,
 11632,           0.9916320,      -17702.2600000,
 11633,           0.9916330,      -17789.1930000,
 11634,           0.9916340,      -17788.1500000,
 11635,           0.9916350,      -17787.0540000,
 11636,           0.9916360,      -17786.0300000,
 11637,           0.9916370,      -17784.9800000,
 11638,           0.9916380,      -17783.8920000,
 11639,           0.9916390,      -17782.7920000,
 11640,           0.9916400,      -17781.7900000,
 11641,           0.9916410,      -17771.7030000,
 11642,           0.9916420,      -17858.6600000,
 11643,           0.9916430,      -17857.5520000,
 11644,           0.9916440,      -17856.5100000,
 11645,           0.9916450,      -17855.4900000,
 11646,           0.9916460,      -17854.4200000,
 11647,           0.9916470,      -17853.3240000,
 11648,           0.9916480,      -17852.2700000,
 11649,           0.9916490,      -17851.2530000,
 11650,           0.9916500,      -17850.1620000,
 11651,           0.9916510,      -17849.1000000,
 11652,           0.9916520,      -17848.0130000,
 11653,           0.9916530,      -17846.9200000,
 11654,           0.9916540,      -17845.9000000,
 11655,           0.9916550,      -17844.8500000,
 11656,           0.9916560,      -17843.7710000,
 11657,           0.9916570,      -17842.6930000,
 11658,           0.9916580,      -17841.6800000,
 11659,           0.9916590,      -17840.6100000,
 11660,           0.9916600,      -17839.5300000,
 11661,           0.9916610,      -17838.4310000,
 11662,           0.9916620,      -17837.3800000,
 11663,           0.9916630,      -17836.3600000,
 11664,           0.9916640,      -17835.2700000,
 11665,           0.9916650,      -17834.1900000,
 11666,           0.9916660,      -17833.1400000,
 11667,           0.9916670,      -17832.1300000,
 11668,           0.9916680,      -17831.0300000,
 11669,           0.9916690,      -17829.9800000,
 11670,           0.9916700,      -17828.8840000,
 11671,           0.9916710,      -17827.8100000,
 11672,           0.9916720,      -17826.7710000,
 11673,           0.9916730,      -17825.7340000,
 11674,           0.9916740,      -17824.6400000,
 11675,           0.9916750,      -17823.5600000,
 11676,           0.9916760,      -17822.5700000,
 11677,           0.9916770,      -17821.4800000,
 11678,           0.9916780,      -17820.3920000,
 11679,           0.9916790,      -17819.3000000,
 11680,           0.9916800,      -17818.2700000,
 11681,           0.9916810,      -17817.2220000,
 11682,           0.9916820,      -17816.1300000,
 11683,           0.9916830,      -17815.0420000,
 11684,           0.9916840,      -17814.0200000,
 11685,           0.9916850,      -17813.0000000,
 11686,           0.9916860,      -17811.9000000,
 11687,           0.9916870,      -17810.8430000,
 11688,           0.9916880,      -17809.7700000,
 11689,           0.9916890,      -17808.6640000,
 11690,           0.9916900,      -17807.6400000,
 11691,           0.9916910,      -17806.5910000,
 11692,           0.9916920,      -17805.5000000,
 11693,           0.9916930,      -17804.4120000,
 11694,           0.9916940,      -17803.4510000,
 11695,           0.9916950,      -17802.3410000,
 11696,           0.9916960,      -17801.2600000,
 11697,           0.9916970,      -17800.1800000,
 11698,           0.9916980,      -17799.1300000,
 11699,           0.9916990,      -17798.0900000,
 11700,           0.9917000,      -17797.0130000,
 11701,           0.9917010,      -17795.9200000,
 11702,           0.9917020,      -17882.8900000,
 11703,           0.9917030,      -17881.8800000,
 11704,           0.9917040,      -17880.8200000,
 11705,           0.9917050,      -17879.7600000,
 11706,           0.9917060,      -17878.6500000,
 11707,           0.9917070,      -17877.5700000,
 11708,           0.9917080,      -17876.5600000,
 11709,           0.9917090,      -17875.5000000,
 11710,           0.9917100,      -17874.4020000,
 11711,           0.9917110,      -17873.3200000,
 11712,           0.9917120,      -17872.3330000,
 11713,           0.9917130,      -17871.2340000,
 11714,           0.9917140,      -17870.1700000,
 11715,           0.9917150,      -17869.0800000,
 11716,           0.9917160,      -17868.0210000,
 11717,           0.9917170,      -17866.9820000,
 11718,           0.9917180,      -17865.9140000,
 11719,           0.9917190,      -17864.8410000,
 11720,           0.9917200,      -17863.7600000,
 11721,           0.9917210,      -17862.7500000,
 11722,           0.9917220,      -17861.6700000,
 11723,           0.9917230,      -17860.6100000,
 11724,           0.9917240,      -17859.5400000,
 11725,           0.9917250,      -17858.4500000,
 11726,           0.9917260,      -17857.4200000,
 11727,           0.9917270,      -17856.3700000,
 11728,           0.9917280,      -17855.2710000,
 11729,           0.9917290,      -17854.1930000,
 11730,           0.9917300,      -17853.2100000,
 11731,           0.9917310,      -17852.1200000,
 11732,           0.9917320,      -17851.0300000,
 11733,           0.9917330,      -17849.9400000,
 11734,           0.9917340,      -17848.9200000,
 11735,           0.9917350,      -17847.8900000,
 11736,           0.9917360,      -17846.7900000,
 11737,           0.9917370,      -17845.7340000,
 11738,           0.9917380,      -17844.6340000,
 11739,           0.9917390,      -17843.6110000,
 11740,           0.9917400,      -17842.5310000,
 11741,           0.9917410,      -17841.4800000,
 11742,           0.9917420,      -17840.3920000,
 11743,           0.9917430,      -17839.3100000,
 11744,           0.9917440,      -17838.3000000,
 11745,           0.9917450,      -17837.2400000,
 11746,           0.9917460,      -17836.1600000,
 11747,           0.9917470,      -17835.0700000,
 11748,           0.9917480,      -17834.0930000,
 11749,           0.9917490,      -17832.9840000,
 11750,           0.9917500,      -17831.9020000,
 11751,           0.9917510,      -17830.8300000,
 11752,           0.9917520,      -17829.7710000,
 11753,           0.9917530,      -17828.7400000,
 11754,           0.9917540,      -17827.6500000,
 11755,           0.9917550,      -17826.5700000,
 11756,           0.9917560,      -17825.5230000,
 11757,           0.9917570,      -17824.5100000,
 11758,           0.9917580,      -17823.4200000,
 11759,           0.9917590,      -17822.3710000,
 11760,           0.9917600,      -17821.2800000,
 11761,           0.9917610,      -17820.1900000,
 11762,           0.9917620,      -17819.1700000,
 11763,           0.9917630,      -17818.1200000,
 11764,           0.9917640,      -17817.0200000,
 11765,           0.9917650,      -17815.9400000,
 11766,           0.9917660,      -17814.9400000,
 11767,           0.9917670,      -17813.8730000,
 11768,           0.9917680,      -17812.7800000,
 11769,           0.9917690,      -17811.6910000,
 11770,           0.9917700,      -17810.6320000,
 11771,           0.9917710,      -17809.6200000,
 11772,           0.9917720,      -17808.5420000,
 11773,           0.9917730,      -17807.4530000,
 11774,           0.9917740,      -17806.3920000,
 11775,           0.9917750,      -17805.3730000,
 11776,           0.9917760,      -17804.2710000,
 11777,           0.9917770,      -17803.2340000,
 11778,           0.9917780,      -17802.1400000,
 11779,           0.9917790,      -17801.0600000,
 11780,           0.9917800,      -17800.0440000,
 11781,           0.9917810,      -17798.9900000,
 11782,           0.9917820,      -17797.9100000,
 11783,           0.9917830,      -17796.8100000,
 11784,           0.9917840,      -17795.7700000,
 11785,           0.9917850,      -17794.7440000,
 11786,           0.9917860,      -17793.6400000,
 11787,           0.9917870,      -17792.5520000,
 11788,           0.9917880,      -17791.4940000,
 11789,           0.9917890,      -17790.4900000,
 11790,           0.9917900,      -17789.4120000,
 11791,           0.9917910,      -17788.3120000,
 11792,           0.9917920,      -17787.2700000,
 11793,           0.9917930,      -17786.2300000,
 11794,           0.9917940,      -17785.1640000,
 11795,           0.9917950,      -17784.1000000,
 11796,           0.9917960,      -17783.0100000,
 11797,           0.9917970,      -17782.0000000,
 11798,           0.9917980,      -17780.9100000,
 11799,           0.9917990,      -17779.8500000,
 11800,           0.9918000,      -17778.7800000,
 11801,           0.9918010,      -17777.6930000,
 11802,           0.9918020,      -17776.6600000,
 11803,           0.9918030,      -17775.6130000,
 11804,           0.9918040,      -17774.5400000,
 11805,           0.9918050,      -17773.4400000,
 11806,           0.9918060,      -17763.5300000,
 11807,           0.9918070,      -17762.4500000,
 11808,           0.9918080,      -17761.3600000,
 11809,           0.9918090,      -17760.2910000,
 11810,           0.9918100,      -17759.2300000,
 11811,           0.9918110,      -17758.1900000,
 11812,           0.9918120,      -17757.1320000,
 11813,           0.9918130,      -17756.0410000,
 11814,           0.9918140,      -17755.0000000,
 11815,           0.9918150,      -17753.9600000,
 11816,           0.9918160,      -17752.8630000,
 11817,           0.9918170,      -17751.8100000,
 11818,           0.9918180,      -17750.7340000,
 11819,           0.9918190,      -17749.6400000,
 11820,           0.9918200,      -17748.6340000,
 11821,           0.9918210,      -17747.5700000,
 11822,           0.9918220,      -17746.4900000,
 11823,           0.9918230,      -17745.4100000,
 11824,           0.9918240,      -17744.3800000,
 11825,           0.9918250,      -17743.3400000,
 11826,           0.9918260,      -17742.2340000,
 11827,           0.9918270,      -17741.1600000,
 11828,           0.9918280,      -17740.0800000,
 11829,           0.9918290,      -17739.0700000,
 11830,           0.9918300,      -17737.9820000,
 11831,           0.9918310,      -17736.8840000,
 11832,           0.9918320,      -17735.8300000,
 11833,           0.9918330,      -17734.8200000,
 11834,           0.9918340,      -17733.7320000,
 11835,           0.9918350,      -17732.6700000,
 11836,           0.9918360,      -17731.6100000,
 11837,           0.9918370,      -17730.5200000,
 11838,           0.9918380,      -17729.5100000,
 11839,           0.9918390,      -17728.4400000,
 11840,           0.9918400,      -17727.3510000,
 11841,           0.9918410,      -17726.2500000,
 11842,           0.9918420,      -17725.2500000,
 11843,           0.9918430,      -17724.1900000,
 11844,           0.9918440,      -17723.0820000,
 11845,           0.9918450,      -17722.0100000,
 11846,           0.9918460,      -17720.9640000,
 11847,           0.9918470,      -17719.9400000,
 11848,           0.9918480,      -17718.8610000,
 11849,           0.9918490,      -17717.7600000,
 11850,           0.9918500,      -17716.7140000,
 11851,           0.9918510,      -17715.7030000,
 11852,           0.9918520,      -17714.6010000,
 11853,           0.9918530,      -17713.5210000,
 11854,           0.9918540,      -17712.4700000,
 11855,           0.9918550,      -17711.3700000,
 11856,           0.9918560,      -17710.3600000,
 11857,           0.9918570,      -17709.2900000,
 11858,           0.9918580,      -17708.2030000,
 11859,           0.9918590,      -17707.1100000,
 11860,           0.9918600,      -17706.0830000,
 11861,           0.9918610,      -17705.0600000,
 11862,           0.9918620,      -17703.9620000,
 11863,           0.9918630,      -17702.8800000,
 11864,           0.9918640,      -17701.7900000,
 11865,           0.9918650,      -17700.8100000,
 11866,           0.9918660,      -17699.7140000,
 11867,           0.9918670,      -17698.6230000,
 11868,           0.9918680,      -17697.5800000,
 11869,           0.9918690,      -17696.5620000,
 11870,           0.9918700,      -17695.4640000,
 11871,           0.9918710,      -17694.3700000,
 11872,           0.9918720,      -17693.3200000,
 11873,           0.9918730,      -17692.2500000,
 11874,           0.9918740,      -17691.2500000,
 11875,           0.9918750,      -17690.1520000,
 11876,           0.9918760,      -17689.0740000,
 11877,           0.9918770,      -17687.9900000,
 11878,           0.9918780,      -17686.9640000,
 11879,           0.9918790,      -17685.9120000,
 11880,           0.9918800,      -17684.8040000,
 11881,           0.9918810,      -17683.7300000,
 11882,           0.9918820,      -17682.6420000,
 11883,           0.9918830,      -17681.6800000,
 11884,           0.9918840,      -17680.5700000,
 11885,           0.9918850,      -17679.4800000,
 11886,           0.9918860,      -17678.4000000,
 11887,           0.9918870,      -17677.4140000,
 11888,           0.9918880,      -17676.3410000,
 11889,           0.9918890,      -17675.2400000,
 11890,           0.9918900,      -17674.1800000,
 11891,           0.9918910,      -17673.1110000,
 11892,           0.9918920,      -17672.0820000,
 11893,           0.9918930,      -17670.9800000,
 11894,           0.9918940,      -17669.9400000,
 11895,           0.9918950,      -17668.8500000,
 11896,           0.9918960,      -17667.8200000,
 11897,           0.9918970,      -17666.7300000,
 11898,           0.9918980,      -17665.6730000,
 11899,           0.9918990,      -17664.6100000,
 11900,           0.9919000,      -17663.5200000,
 11901,           0.9919010,      -17662.5200000,
 11902,           0.9919020,      -17661.4410000,
 11903,           0.9919030,      -17660.3600000,
 11904,           0.9919040,      -17659.2610000,
 11905,           0.9919050,      -17658.2800000,
 11906,           0.9919060,      -17657.1900000,
 11907,           0.9919070,      -17656.0900000,
 11908,           0.9919080,      -17655.0100000,
 11909,           0.9919090,      -17653.9620000,
 11910,           0.9919100,      -17652.9400000,
 11911,           0.9919110,      -17651.8500000,
 11912,           0.9919120,      -17650.7810000,
 11913,           0.9919130,      -17649.7200000,
 11914,           0.9919140,      -17648.7010000,
 11915,           0.9919150,      -17647.6010000,
 11916,           0.9919160,      -17646.5400000,
 11917,           0.9919170,      -17645.4430000,
 11918,           0.9919180,      -17644.3800000,
 11919,           0.9919190,      -17643.3320000,
 11920,           0.9919200,      -17642.2920000,
 11921,           0.9919210,      -17641.2000000,
 11922,           0.9919220,      -17640.1130000,
 11923,           0.9919230,      -17639.0740000,
 11924,           0.9919240,      -17638.0200000,
 11925,           0.9919250,      -17636.9400000,
 11926,           0.9919260,      -17635.8430000,
 11927,           0.9919270,      -17634.8240000,
 11928,           0.9919280,      -17633.8000000,
 11929,           0.9919290,      -17632.6910000,
 11930,           0.9919300,      -17631.6300000,
 11931,           0.9919310,      -17630.5720000,
 11932,           0.9919320,      -17629.5440000,
 11933,           0.9919330,      -17628.4400000,
 11934,           0.9919340,      -17627.3500000,
 11935,           0.9919350,      -17626.3140000,
 11936,           0.9919360,      -17625.2100000,
 11937,           0.9919370,      -17624.1910000,
 11938,           0.9919380,      -17623.1300000,
 11939,           0.9919390,      -17622.0440000,
 11940,           0.9919400,      -17620.9500000,
 11941,           0.9919410,      -17619.9400000,
 11942,           0.9919420,      -17618.9000000,
 11943,           0.9919430,      -17617.8100000,
 11944,           0.9919440,      -17616.7100000,
 11945,           0.9919450,      -17615.6200000,
 11946,           0.9919460,      -17614.6300000,
 11947,           0.9919470,      -17613.5500000,
 11948,           0.9919480,      -17612.4600000,
 11949,           0.9919490,      -17611.4100000,
 11950,           0.9919500,      -17610.3800000,
 11951,           0.9919510,      -17609.2940000,
 11952,           0.9919520,      -17608.1900000,
 11953,           0.9919530,      -17607.1500000,
 11954,           0.9919540,      -17606.0620000,
 11955,           0.9919550,      -17605.0400000,
 11956,           0.9919560,      -17603.9500000,
 11957,           0.9919570,      -17602.9100000,
 11958,           0.9919580,      -17601.8140000,
 11959,           0.9919590,      -17600.7900000,
 11960,           0.9919600,      -17599.7220000,
 11961,           0.9919610,      -17598.6600000,
 11962,           0.9919620,      -17597.5600000,
 11963,           0.9919630,      -17596.4640000,
 11964,           0.9919640,      -17595.4740000,
 11965,           0.9919650,      -17594.3800000,
 11966,           0.9919660,      -17593.2910000,
 11967,           0.9919670,      -17592.2000000,
 11968,           0.9919680,      -17591.2140000,
 11969,           0.9919690,      -17590.1200000,
 11970,           0.9919700,      -17589.0500000,
 11971,           0.9919710,      -17587.9700000,
 11972,           0.9919720,      -17586.9200000,
 11973,           0.9919730,      -17585.8920000,
 11974,           0.9919740,      -17584.8100000,
 11975,           0.9919750,      -17583.7400000,
 11976,           0.9919760,      -17582.6540000,
 11977,           0.9919770,      -17581.6300000,
 11978,           0.9919780,      -17580.5540000,
 11979,           0.9919790,      -17579.5010000,
 11980,           0.9919800,      -17578.4000000,
 11981,           0.9919810,      -17577.3200000,
 11982,           0.9919820,      -17576.2800000,
 11983,           0.9919830,      -17575.2200000,
 11984,           0.9919840,      -17574.1500000,
 11985,           0.9919850,      -17573.0500000,
 11986,           0.9919860,      -17572.0110000,
 11987,           0.9919870,      -17570.9800000,
 11988,           0.9919880,      -17569.9000000,
 11989,           0.9919890,      -17568.8000000,
 11990,           0.9919900,      -17567.8320000,
 11991,           0.9919910,      -17566.7240000,
 11992,           0.9919920,      -17565.6400000,
 11993,           0.9919930,      -17564.5330000,
 11994,           0.9919940,      -17563.4900000,
 11995,           0.9919950,      -17562.4640000,
 11996,           0.9919960,      -17561.3610000,
 11997,           0.9919970,      -17560.2700000,
 11998,           0.9919980,      -17559.2240000,
 11999,           0.9919990,      -17558.1900000,
 12000,           0.9920000,      -17557.0900000,
 12001,           0.9920010,      -17556.0300000,
 12002,           0.9920020,      -17554.9510000,
 12003,           0.9920030,      -17553.8700000,
 12004,           0.9920040,      -17552.8240000,
 12005,           0.9920050,      -17551.7730000,
 12006,           0.9920060,      -17550.6700000,
 12007,           0.9920070,      -17549.5800000,
 12008,           0.9920080,      -17548.5700000,
 12009,           0.9920090,      -17547.5010000,
 12010,           0.9920100,      -17546.4100000,
 12011,           0.9920110,      -17545.3000000,
 12012,           0.9920120,      -17544.2200000,
 12013,           0.9920130,      -17543.2120000,
 12014,           0.9920140,      -17542.1300000,
 12015,           0.9920150,      -17541.0400000,
 12016,           0.9920160,      -17539.9700000,
 12017,           0.9920170,      -17538.9430000,
 12018,           0.9920180,      -17537.8430000,
 12019,           0.9920190,      -17536.7530000,
 12020,           0.9920200,      -17535.7300000,
 12021,           0.9920210,      -17534.6130000,
 12022,           0.9920220,      -17533.6010000,
 12023,           0.9920230,      -17532.5000000,
 12024,           0.9920240,      -17531.4200000,
 12025,           0.9920250,      -17530.3320000,
 12026,           0.9920260,      -17529.3000000,
 12027,           0.9920270,      -17528.2010000,
 12028,           0.9920280,      -17527.1600000,
 12029,           0.9920290,      -17526.0540000,
 12030,           0.9920300,      -17524.9720000,
 12031,           0.9920310,      -17523.9900000,
 12032,           0.9920320,      -17522.8840000,
 12033,           0.9920330,      -17521.7710000,
 12034,           0.9920340,      -17520.7010000,
 12035,           0.9920350,      -17519.7000000,
 12036,           0.9920360,      -17518.6100000,
 12037,           0.9920370,      -17517.5000000,
 12038,           0.9920380,      -17516.4400000,
 12039,           0.9920390,      -17515.3800000,
 12040,           0.9920400,      -17514.3600000,
 12041,           0.9920410,      -17513.2610000,
 12042,           0.9920420,      -17512.1910000,
 12043,           0.9920430,      -17511.1030000,
 12044,           0.9920440,      -17510.0600000,
 12045,           0.9920450,      -17508.9700000,
 12046,           0.9920460,      -17507.9100000,
 12047,           0.9920470,      -17506.8200000,
 12048,           0.9920480,      -17505.7200000,
 12049,           0.9920490,      -17504.7000000,
 12050,           0.9920500,      -17503.6400000,
 12051,           0.9920510,      -17502.5410000,
 12052,           0.9920520,      -17501.4510000,
 12053,           0.9920530,      -17500.4300000,
 12054,           0.9920540,      -17499.3630000,
 12055,           0.9920550,      -17498.2530000,
 12056,           0.9920560,      -17497.1710000,
 12057,           0.9920570,      -17496.1200000,
 12058,           0.9920580,      -17495.1000000,
 12059,           0.9920590,      -17493.9840000,
 12060,           0.9920600,      -17492.9120000,
 12061,           0.9920610,      -17491.8510000,
 12062,           0.9920620,      -17490.8200000,
 12063,           0.9920630,      -17489.7300000,
 12064,           0.9920640,      -17488.6400000,
 12065,           0.9920650,      -17487.5540000,
 12066,           0.9920660,      -17486.4700000,
 12067,           0.9920670,      -17485.4500000,
 12068,           0.9920680,      -17484.3500000,
 12069,           0.9920690,      -17483.2900000,
 12070,           0.9920700,      -17570.2320000,
 12071,           0.9920710,      -17569.2030000,
 12072,           0.9920720,      -17568.1100000,
 12073,           0.9920730,      -17655.0800000,
 12074,           0.9920740,      -17653.9800000,
 12075,           0.9920750,      -17652.9140000,
 12076,           0.9920760,      -17651.9120000,
 12077,           0.9920770,      -17650.7920000,
 12078,           0.9920780,      -17649.7200000,
 12079,           0.9920790,      -17648.6200000,
 12080,           0.9920800,      -17647.6400000,
 12081,           0.9920810,      -17646.5520000,
 12082,           0.9920820,      -17645.4200000,
 12083,           0.9920830,      -17644.3400000,
 12084,           0.9920840,      -17643.2710000,
 12085,           0.9920850,      -17642.2400000,
 12086,           0.9920860,      -17641.1420000,
 12087,           0.9920870,      -17640.0620000,
 12088,           0.9920880,      -17639.0100000,
 12089,           0.9920890,      -17637.9640000,
 12090,           0.9920900,      -17636.8800000,
 12091,           0.9920910,      -17635.8120000,
 12092,           0.9920920,      -17634.7220000,
 12093,           0.9920930,      -17633.6300000,
 12094,           0.9920940,      -17632.6010000,
 12095,           0.9920950,      -17631.5410000,
 12096,           0.9920960,      -17630.4700000,
 12097,           0.9920970,      -17629.3800000,
 12098,           0.9920980,      -17628.3400000,
 12099,           0.9920990,      -17627.2800000,
 12100,           0.9921000,      -17626.2000000,
 12101,           0.9921010,      -17625.1000000,
 12102,           0.9921020,      -17623.9940000,
 12103,           0.9921030,      -17623.0010000,
 12104,           0.9921040,      -17621.9210000,
 12105,           0.9921050,      -17620.8200000,
 12106,           0.9921060,      -17619.7530000,
 12107,           0.9921070,      -17618.7220000,
 12108,           0.9921080,      -17617.6230000,
 12109,           0.9921090,      -17616.5200000,
 12110,           0.9921100,      -17615.4600000,
 12111,           0.9921110,      -17614.3820000,
 12112,           0.9921120,      -17613.3510000,
 12113,           0.9921130,      -17612.2600000,
 12114,           0.9921140,      -17611.2100000,
 12115,           0.9921150,      -17610.1030000,
 12116,           0.9921160,      -17609.0800000,
 12117,           0.9921170,      -17607.9820000,
 12118,           0.9921180,      -17606.9310000,
 12119,           0.9921190,      -17605.8330000,
 12120,           0.9921200,      -17604.7530000,
 12121,           0.9921210,      -17603.7100000,
 12122,           0.9921220,      -17602.6500000,
 12123,           0.9921230,      -17601.5700000,
 12124,           0.9921240,      -17600.4700000,
 12125,           0.9921250,      -17599.4840000,
 12126,           0.9921260,      -17598.3800000,
 12127,           0.9921270,      -17597.2920000,
 12128,           0.9921280,      -17596.1800000,
 12129,           0.9921290,      -17595.1230000,
 12130,           0.9921300,      -17594.0900000,
 12131,           0.9921310,      -17593.0000000,
 12132,           0.9921320,      -17591.8900000,
 12133,           0.9921330,      -17590.8300000,
 12134,           0.9921340,      -17589.8200000,
 12135,           0.9921350,      -17588.7300000,
 12136,           0.9921360,      -17587.6130000,
 12137,           0.9921370,      -17586.5640000,
 12138,           0.9921380,      -17585.5000000,
 12139,           0.9921390,      -17584.4700000,
 12140,           0.9921400,      -17583.4140000,
 12141,           0.9921410,      -17582.3000000,
 12142,           0.9921420,      -17581.2120000,
 12143,           0.9921430,      -17580.1800000,
 12144,           0.9921440,      -17579.1200000,
 12145,           0.9921450,      -17578.0300000,
 12146,           0.9921460,      -17576.9300000,
 12147,           0.9921470,      -17575.8400000,
 12148,           0.9921480,      -17574.8400000,
 12149,           0.9921490,      -17573.7420000,
 12150,           0.9921500,      -17572.6420000,
 12151,           0.9921510,      -17571.5520000,
 12152,           0.9921520,      -17570.5600000,
 12153,           0.9921530,      -17569.4600000,
 12154,           0.9921540,      -17568.3610000,
 12155,           0.9921550,      -17567.2610000,
 12156,           0.9921560,      -17566.2030000,
 12157,           0.9921570,      -17565.1800000,
 12158,           0.9921580,      -17564.0830000,
 12159,           0.9921590,      -17563.0300000,
 12160,           0.9921600,      -17561.9400000,
 12161,           0.9921610,      -17560.9040000,
 12162,           0.9921620,      -17559.8200000,
 12163,           0.9921630,      -17558.7500000,
 12164,           0.9921640,      -17557.6700000,
 12165,           0.9921650,      -17556.5720000,
 12166,           0.9921660,      -17555.5400000,
 12167,           0.9921670,      -17554.4820000,
 12168,           0.9921680,      -17553.3900000,
 12169,           0.9921690,      -17552.3000000,
 12170,           0.9921700,      -17551.2400000,
 12171,           0.9921710,      -17550.1930000,
 12172,           0.9921720,      -17549.1100000,
 12173,           0.9921730,      -17547.9900000,
 12174,           0.9921740,      -17546.9100000,
 12175,           0.9921750,      -17633.9430000,
 12176,           0.9921760,      -17632.8410000,
 12177,           0.9921770,      -17631.7510000,
 12178,           0.9921780,      -17630.6900000,
 12179,           0.9921790,      -17629.6540000,
 12180,           0.9921800,      -17628.5700000,
 12181,           0.9921810,      -17627.4820000,
 12182,           0.9921820,      -17626.4100000,
 12183,           0.9921830,      -17625.3120000,
 12184,           0.9921840,      -17624.2900000,
 12185,           0.9921850,      -17623.2100000,
 12186,           0.9921860,      -17622.1300000,
 12187,           0.9921870,      -17621.0330000,
 12188,           0.9921880,      -17620.0030000,
 12189,           0.9921890,      -17618.9020000,
 12190,           0.9921900,      -17617.8700000,
 12191,           0.9921910,      -17616.7600000,
 12192,           0.9921920,      -17615.7420000,
 12193,           0.9921930,      -17614.6340000,
 12194,           0.9921940,      -17613.5740000,
 12195,           0.9921950,      -17612.4700000,
 12196,           0.9921960,      -17611.3920000,
 12197,           0.9921970,      -17698.3920000,
 12198,           0.9921980,      -17697.3200000,
 12199,           0.9921990,      -17696.2320000,
 12200,           0.9922000,      -17695.1400000,
 12201,           0.9922010,      -17782.1620000,
 12202,           0.9922020,      -17781.0800000,
 12203,           0.9922030,      -17779.9700000,
 12204,           0.9922040,      -17778.9000000,
 12205,           0.9922050,      -17777.8240000,
 12206,           0.9922060,      -17776.8000000,
 12207,           0.9922070,      -17775.7120000,
 12208,           0.9922080,      -17774.6230000,
 12209,           0.9922090,      -17773.5500000,
 12210,           0.9922100,      -17772.5200000,
 12211,           0.9922110,      -17771.4200000,
 12212,           0.9922120,      -17770.3200000,
 12213,           0.9922130,      -17769.2510000,
 12214,           0.9922140,      -17768.1520000,
 12215,           0.9922150,      -17767.1230000,
 12216,           0.9922160,      -17766.0500000,
 12217,           0.9922170,      -17764.9700000,
 12218,           0.9922180,      -17763.9100000,
 12219,           0.9922190,      -17762.8500000,
 12220,           0.9922200,      -17761.7530000,
 12221,           0.9922210,      -17760.7000000,
 12222,           0.9922220,      -17759.6000000,
 12223,           0.9922230,      -17758.5100000,
 12224,           0.9922240,      -17757.5110000,
 12225,           0.9922250,      -17756.4200000,
 12226,           0.9922260,      -17755.3300000,
 12227,           0.9922270,      -17754.2300000,
 12228,           0.9922280,      -17753.2420000,
 12229,           0.9922290,      -17752.1400000,
 12230,           0.9922300,      -17751.0400000,
 12231,           0.9922310,      -17749.9530000,
 12232,           0.9922320,      -17748.8820000,
 12233,           0.9922330,      -17747.8500000,
 12234,           0.9922340,      -17746.7300000,
 12235,           0.9922350,      -17745.6730000,
 12236,           0.9922360,      -17744.5930000,
 12237,           0.9922370,      -17743.5620000,
 12238,           0.9922380,      -17742.4700000,
 12239,           0.9922390,      -17741.3800000,
 12240,           0.9922400,      -17740.3040000,
 12241,           0.9922410,      -17731.7800000,
 12242,           0.9922420,      -17730.7600000,
 12243,           0.9922430,      -17729.6400000,
 12244,           0.9922440,      -17728.5620000,
 12245,           0.9922450,      -17727.4740000,
 12246,           0.9922460,      -17726.4510000,
 12247,           0.9922470,      -17725.3730000,
 12248,           0.9922480,      -17724.2810000,
 12249,           0.9922490,      -17723.1700000,
 12250,           0.9922500,      -17722.0640000,
 12251,           0.9922510,      -17809.1010000,
 12252,           0.9922520,      -17807.9940000,
 12253,           0.9922530,      -17806.9000000,
 12254,           0.9922540,      -17805.8200000,
 12255,           0.9922550,      -17804.8040000,
 12256,           0.9922560,      -17803.7000000,
 12257,           0.9922570,      -17802.6130000,
 12258,           0.9922580,      -17801.5100000,
 12259,           0.9922590,      -17800.4500000,
 12260,           0.9922600,      -17799.4040000,
 12261,           0.9922610,      -17798.2940000,
 12262,           0.9922620,      -17797.2010000,
 12263,           0.9922630,      -17796.1400000,
 12264,           0.9922640,      -17795.0800000,
 12265,           0.9922650,      -17794.0000000,
 12266,           0.9922660,      -17792.9000000,
 12267,           0.9922670,      -17791.8300000,
 12268,           0.9922680,      -17790.7240000,
 12269,           0.9922690,      -17789.6930000,
 12270,           0.9922700,      -17788.6130000,
 12271,           0.9922710,      -17787.5110000,
 12272,           0.9922720,      -17786.4300000,
 12273,           0.9922730,      -17785.3900000,
 12274,           0.9922740,      -17784.3300000,
 12275,           0.9922750,      -17783.2140000,
 12276,           0.9922760,      -17782.1100000,
 12277,           0.9922770,      -17781.0100000,
 12278,           0.9922780,      -17780.0100000,
 12279,           0.9922790,      -17778.9100000,
 12280,           0.9922800,      -17777.8200000,
 12281,           0.9922810,      -17776.7140000,
 12282,           0.9922820,      -17775.7100000,
 12283,           0.9922830,      -17774.6000000,
 12284,           0.9922840,      -17773.5130000,
 12285,           0.9922850,      -17772.4100000,
 12286,           0.9922860,      -17771.3500000,
 12287,           0.9922870,      -17770.3100000,
 12288,           0.9922880,      -17769.2000000,
 12289,           0.9922890,      -17768.1000000,
 12290,           0.9922900,      -17767.0300000,
 12291,           0.9922910,      -17766.0030000,
 12292,           0.9922920,      -17764.9230000,
 12293,           0.9922930,      -17763.8300000,
 12294,           0.9922940,      -17762.7700000,
 12295,           0.9922950,      -17761.6440000,
 12296,           0.9922960,      -17760.6300000,
 12297,           0.9922970,      -17759.5500000,
 12298,           0.9922980,      -17758.4300000,
 12299,           0.9922990,      -17757.3330000,
 12300,           0.9923000,      -17756.3020000,
 12301,           0.9923010,      -17755.2400000,
 12302,           0.9923020,      -17754.1320000,
 12303,           0.9923030,      -17753.0400000,
 12304,           0.9923040,      -17751.9300000,
 12305,           0.9923050,      -17750.9410000,
 12306,           0.9923060,      -17749.8400000,
 12307,           0.9923070,      -17748.7340000,
 12308,           0.9923080,      -17747.6440000,
 12309,           0.9923090,      -17746.6400000,
 12310,           0.9923100,      -17745.5300000,
 12311,           0.9923110,      -17744.4330000,
 12312,           0.9923120,      -17743.3240000,
 12313,           0.9923130,      -17742.2630000,
 12314,           0.9923140,      -17741.2340000,
 12315,           0.9923150,      -17740.1300000,
 12316,           0.9923160,      -17739.0200000,
 12317,           0.9923170,      -17737.9600000,
 12318,           0.9923180,      -17736.9410000,
 12319,           0.9923190,      -17735.8100000,
 12320,           0.9923200,      -17734.7300000,
 12321,           0.9923210,      -17733.6600000,
 12322,           0.9923220,      -17732.5600000,
 12323,           0.9923230,      -17731.5300000,
 12324,           0.9923240,      -17730.4200000,
 12325,           0.9923250,      -17729.3600000,
 12326,           0.9923260,      -17728.2500000,
 12327,           0.9923270,      -17727.2200000,
 12328,           0.9923280,      -17726.0910000,
 12329,           0.9923290,      -17725.0300000,
 12330,           0.9923300,      -17723.9300000,
 12331,           0.9923310,      -17722.8300000,
 12332,           0.9923320,      -17721.8500000,
 12333,           0.9923330,      -17720.7320000,
 12334,           0.9923340,      -17719.6440000,
 12335,           0.9923350,      -17718.5400000,
 12336,           0.9923360,      -17717.5200000,
 12337,           0.9923370,      -17716.4230000,
 12338,           0.9923380,      -17715.3200000,
 12339,           0.9923390,      -17714.2300000,
 12340,           0.9923400,      -17713.1540000,
 12341,           0.9923410,      -17712.1300000,
 12342,           0.9923420,      -17711.0210000,
 12343,           0.9923430,      -17709.9400000,
 12344,           0.9923440,      -17708.8700000,
 12345,           0.9923450,      -17707.8320000,
 12346,           0.9923460,      -17706.7200000,
 12347,           0.9923470,      -17705.6300000,
 12348,           0.9923480,      -17792.5700000,
 12349,           0.9923490,      -17791.4840000,
 12350,           0.9923500,      -17790.4430000,
 12351,           0.9923510,      -17789.3400000,
 12352,           0.9923520,      -17788.2710000,
 12353,           0.9923530,      -17787.1700000,
 12354,           0.9923540,      -17786.1300000,
 12355,           0.9923550,      -17785.0200000,
 12356,           0.9923560,      -17783.9620000,
 12357,           0.9923570,      -17782.8530000,
 12358,           0.9923580,      -17781.7600000,
 12359,           0.9923590,      -17780.7300000,
 12360,           0.9923600,      -17779.6700000,
 12361,           0.9923610,      -17778.5700000,
 12362,           0.9923620,      -17777.4600000,
 12363,           0.9923630,      -17776.4330000,
 12364,           0.9923640,      -17775.3700000,
 12365,           0.9923650,      -17774.2610000,
 12366,           0.9923660,      -17773.1500000,
 12367,           0.9923670,      -17772.0830000,
 12368,           0.9923680,      -17771.0520000,
 12369,           0.9923690,      -17769.9300000,
 12370,           0.9923700,      -17768.8400000,
 12371,           0.9923710,      -17767.7700000,
 12372,           0.9923720,      -17766.7500000,
 12373,           0.9923730,      -17765.6300000,
 12374,           0.9923740,      -17764.5200000,
 12375,           0.9923750,      -17763.4700000,
 12376,           0.9923760,      -17762.3610000,
 12377,           0.9923770,      -17761.3200000,
 12378,           0.9923780,      -17760.2200000,
 12379,           0.9923790,      -17759.1620000,
 12380,           0.9923800,      -17758.0520000,
 12381,           0.9923810,      -17757.0130000,
 12382,           0.9923820,      -17755.9120000,
 12383,           0.9923830,      -17754.8510000,
 12384,           0.9923840,      -17753.7500000,
 12385,           0.9923850,      -17752.6400000,
 12386,           0.9923860,      -17751.6010000,
 12387,           0.9923870,      -17750.5520000,
 12388,           0.9923880,      -17749.4410000,
 12389,           0.9923890,      -17748.3140000,
 12390,           0.9923900,      -17747.2700000,
 12391,           0.9923910,      -17746.2100000,
 12392,           0.9923920,      -17745.0910000,
 12393,           0.9923930,      -17743.9940000,
 12394,           0.9923940,      -17742.9600000,
 12395,           0.9923950,      -17741.8730000,
 12396,           0.9923960,      -17740.7730000,
 12397,           0.9923970,      -17739.6620000,
 12398,           0.9923980,      -17738.5540000,
 12399,           0.9923990,      -17737.5540000,
 12400,           0.9924000,      -17736.4500000,
 12401,           0.9924010,      -17735.3330000,
 12402,           0.9924020,      -17734.2220000,
 12403,           0.9924030,      -17733.2400000,
 12404,           0.9924040,      -17732.1230000,
 12405,           0.9924050,      -17731.0200000,
 12406,           0.9924060,      -17729.9210000,
 12407,           0.9924070,      -17728.8330000,
 12408,           0.9924080,      -17727.7920000,
 12409,           0.9924090,      -17726.6900000,
 12410,           0.9924100,      -17725.5800000,
 12411,           0.9924110,      -17724.5100000,
 12412,           0.9924120,      -17723.4530000,
 12413,           0.9924130,      -17722.3510000,
 12414,           0.9924140,      -17721.2900000,
 12415,           0.9924150,      -17720.1800000,
 12416,           0.9924160,      -17719.0620000,
 12417,           0.9924170,      -17718.0420000,
 12418,           0.9924180,      -17716.9600000,
 12419,           0.9924190,      -17715.8610000,
 12420,           0.9924200,      -17714.7600000,
 12421,           0.9924210,      -17713.7140000,
 12422,           0.9924220,      -17712.6400000,
 12423,           0.9924230,      -17711.5300000,
 12424,           0.9924240,      -17710.4200000,
 12425,           0.9924250,      -17709.3200000,
 12426,           0.9924260,      -17708.3000000,
 12427,           0.9924270,      -17707.2200000,
 12428,           0.9924280,      -17706.1000000,
 12429,           0.9924290,      -17704.9900000,
 12430,           0.9924300,      -17704.0000000,
 12431,           0.9924310,      -17702.8700000,
 12432,           0.9924320,      -17701.7900000,
 12433,           0.9924330,      -17700.6620000,
 12434,           0.9924340,      -17699.5900000,
 12435,           0.9924350,      -17698.5540000,
 12436,           0.9924360,      -17697.4400000,
 12437,           0.9924370,      -17696.3400000,
 12438,           0.9924380,      -17695.2630000,
 12439,           0.9924390,      -17694.2140000,
 12440,           0.9924400,      -17693.1300000,
 12441,           0.9924410,      -17691.9940000,
 12442,           0.9924420,      -17690.9200000,
 12443,           0.9924430,      -17689.8320000,
 12444,           0.9924440,      -17688.7900000,
 12445,           0.9924450,      -17687.6830000,
 12446,           0.9924460,      -17686.6130000,
 12447,           0.9924470,      -17685.5100000,
 12448,           0.9924480,      -17684.4700000,
 12449,           0.9924490,      -17683.3510000,
 12450,           0.9924500,      -17682.2900000,
 12451,           0.9924510,      -17681.1800000,
 12452,           0.9924520,      -17680.0800000,
 12453,           0.9924530,      -17679.0310000,
 12454,           0.9924540,      -17677.9640000,
 12455,           0.9924550,      -17676.8600000,
 12456,           0.9924560,      -17675.7400000,
 12457,           0.9924570,      -17674.7000000,
 12458,           0.9924580,      -17673.6400000,
 12459,           0.9924590,      -17672.5400000,
 12460,           0.9924600,      -17671.4310000,
 12461,           0.9924610,      -17670.3240000,
 12462,           0.9924620,      -17669.3000000,
 12463,           0.9924630,      -17668.1910000,
 12464,           0.9924640,      -17667.1000000,
 12465,           0.9924650,      -17666.0130000,
 12466,           0.9924660,      -17664.9900000,
 12467,           0.9924670,      -17663.8800000,
 12468,           0.9924680,      -17662.7700000,
 12469,           0.9924690,      -17661.6500000,
 12470,           0.9924700,      -17660.6000000,
 12471,           0.9924710,      -17659.5540000,
 12472,           0.9924720,      -17658.4500000,
 12473,           0.9924730,      -17657.3400000,
 12474,           0.9924740,      -17647.1000000,
 12475,           0.9924750,      -17646.0500000,
 12476,           0.9924760,      -17644.9400000,
 12477,           0.9924770,      -17643.8300000,
 12478,           0.9924780,      -17642.7800000,
 12479,           0.9924790,      -17641.6500000,
 12480,           0.9924800,      -17640.6100000,
 12481,           0.9924810,      -17639.5000000,
 12482,           0.9924820,      -17638.4400000,
 12483,           0.9924830,      -17637.3140000,
 12484,           0.9924840,      -17636.2800000,
 12485,           0.9924850,      -17635.1540000,
 12486,           0.9924860,      -17634.1100000,
 12487,           0.9924870,      -17633.0030000,
 12488,           0.9924880,      -17631.8840000,
 12489,           0.9924890,      -17630.8840000,
 12490,           0.9924900,      -17629.7710000,
 12491,           0.9924910,      -17628.6700000,
 12492,           0.9924920,      -17627.5700000,
 12493,           0.9924930,      -17626.5500000,
 12494,           0.9924940,      -17625.4430000,
 12495,           0.9924950,      -17624.3600000,
 12496,           0.9924960,      -17623.2300000,
 12497,           0.9924970,      -17622.1600000,
 12498,           0.9924980,      -17621.1210000,
 12499,           0.9924990,      -17620.0100000,
 12500,           0.9925000,      -17618.9200000,
 12501,           0.9925010,      -17617.8300000,
 12502,           0.9925020,      -17616.7900000,
 12503,           0.9925030,      -17615.6800000,
 12504,           0.9925040,      -17614.5600000,
 12505,           0.9925050,      -17613.5000000,
 12506,           0.9925060,      -17612.3800000,
 12507,           0.9925070,      -17611.3600000,
 12508,           0.9925080,      -17610.2510000,
 12509,           0.9925090,      -17609.1800000,
 12510,           0.9925100,      -17608.0700000,
 12511,           0.9925110,      -17607.0100000,
 12512,           0.9925120,      -17605.9140000,
 12513,           0.9925130,      -17604.8600000,
 12514,           0.9925140,      -17603.7500000,
 12515,           0.9925150,      -17602.6420000,
 12516,           0.9925160,      -17601.6030000,
 12517,           0.9925170,      -17600.5200000,
 12518,           0.9925180,      -17599.4200000,
 12519,           0.9925190,      -17598.3140000,
 12520,           0.9925200,      -17597.2700000,
 12521,           0.9925210,      -17596.2000000,
 12522,           0.9925220,      -17595.1000000,
 12523,           0.9925230,      -17593.9800000,
 12524,           0.9925240,      -17592.8840000,
 12525,           0.9925250,      -17591.8610000,
 12526,           0.9925260,      -17590.7800000,
 12527,           0.9925270,      -17589.6520000,
 12528,           0.9925280,      -17588.5500000,
 12529,           0.9925290,      -17587.5400000,
 12530,           0.9925300,      -17586.4310000,
 12531,           0.9925310,      -17585.3200000,
 12532,           0.9925320,      -17584.2200000,
 12533,           0.9925330,      -17583.1300000,
 12534,           0.9925340,      -17582.1110000,
 12535,           0.9925350,      -17581.0030000,
 12536,           0.9925360,      -17579.8920000,
 12537,           0.9925370,      -17578.8100000,
 12538,           0.9925380,      -17577.7730000,
 12539,           0.9925390,      -17576.6600000,
 12540,           0.9925400,      -17575.5600000,
 12541,           0.9925410,      -17662.5200000,
 12542,           0.9925420,      -17661.4100000,
 12543,           0.9925430,      -17660.3610000,
 12544,           0.9925440,      -17659.2400000,
 12545,           0.9925450,      -17658.1800000,
 12546,           0.9925460,      -17657.0800000,
 12547,           0.9925470,      -17656.0300000,
 12548,           0.9925480,      -17654.9230000,
 12549,           0.9925490,      -17653.8610000,
 12550,           0.9925500,      -17652.7400000,
 12551,           0.9925510,      -17651.6400000,
 12552,           0.9925520,      -17650.5830000,
 12553,           0.9925530,      -17649.5300000,
 12554,           0.9925540,      -17648.4230000,
 12555,           0.9925550,      -17647.3100000,
 12556,           0.9925560,      -17646.2700000,
 12557,           0.9925570,      -17645.1830000,
 12558,           0.9925580,      -17644.0900000,
 12559,           0.9925590,      -17642.9800000,
 12560,           0.9925600,      -17641.8700000,
 12561,           0.9925610,      -17640.8600000,
 12562,           0.9925620,      -17639.7600000,
 12563,           0.9925630,      -17638.6400000,
 12564,           0.9925640,      -17637.5500000,
 12565,           0.9925650,      -17636.5310000,
 12566,           0.9925660,      -17635.4400000,
 12567,           0.9925670,      -17634.3200000,
 12568,           0.9925680,      -17633.2120000,
 12569,           0.9925690,      -17632.1500000,
 12570,           0.9925700,      -17631.1110000,
 12571,           0.9925710,      -17629.9800000,
 12572,           0.9925720,      -17628.8700000,
 12573,           0.9925730,      -17627.8000000,
 12574,           0.9925740,      -17626.7630000,
 12575,           0.9925750,      -17625.6420000,
 12576,           0.9925760,      -17624.5420000,
 12577,           0.9925770,      -17623.4900000,
 12578,           0.9925780,      -17622.3820000,
 12579,           0.9925790,      -17621.3330000,
 12580,           0.9925800,      -17620.2100000,
 12581,           0.9925810,      -17619.1500000,
 12582,           0.9925820,      -17618.0230000,
 12583,           0.9925830,      -17617.0000000,
 12584,           0.9925840,      -17615.8900000,
 12585,           0.9925850,      -17614.8100000,
 12586,           0.9925860,      -17613.7100000,
 12587,           0.9925870,      -17612.6500000,
 12588,           0.9925880,      -17611.5300000,
 12589,           0.9925890,      -17610.4700000,
 12590,           0.9925900,      -17609.3600000,
 12591,           0.9925910,      -17608.2500000,
 12592,           0.9925920,      -17607.2120000,
 12593,           0.9925930,      -17606.1300000,
 12594,           0.9925940,      -17605.0200000,
 12595,           0.9925950,      -17603.9230000,
 12596,           0.9925960,      -17602.8800000,
 12597,           0.9925970,      -17601.8100000,
 12598,           0.9925980,      -17600.6900000,
 12599,           0.9925990,      -17599.5830000,
 12600,           0.9926000,      -17598.4840000,
 12601,           0.9926010,      -17597.4700000,
 12602,           0.9926020,      -17596.3630000,
 12603,           0.9926030,      -17595.2530000,
 12604,           0.9926040,      -17594.1500000,
 12605,           0.9926050,      -17593.1400000,
 12606,           0.9926060,      -17592.0300000,
 12607,           0.9926070,      -17590.9040000,
 12608,           0.9926080,      -17589.8120000,
 12609,           0.9926090,      -17588.7320000,
 12610,           0.9926100,      -17587.6910000,
 12611,           0.9926110,      -17586.6000000,
 12612,           0.9926120,      -17585.4720000,
 12613,           0.9926130,      -17584.4000000,
 12614,           0.9926140,      -17583.3530000,
 12615,           0.9926150,      -17582.2440000,
 12616,           0.9926160,      -17581.1500000,
 12617,           0.9926170,      -17668.0600000,
 12618,           0.9926180,      -17666.9940000,
 12619,           0.9926190,      -17665.9400000,
 12620,           0.9926200,      -17664.8410000,
 12621,           0.9926210,      -17663.7300000,
 12622,           0.9926220,      -17662.6620000,
 12623,           0.9926230,      -17661.6230000,
 12624,           0.9926240,      -17660.5200000,
 12625,           0.9926250,      -17659.4000000,
 12626,           0.9926260,      -17658.3220000,
 12627,           0.9926270,      -17657.2200000,
 12628,           0.9926280,      -17656.1700000,
 12629,           0.9926290,      -17655.0540000,
 12630,           0.9926300,      -17653.9700000,
 12631,           0.9926310,      -17652.8630000,
 12632,           0.9926320,      -17651.8400000,
 12633,           0.9926330,      -17650.7300000,
 12634,           0.9926340,      -17649.6500000,
 12635,           0.9926350,      -17648.5520000,
 12636,           0.9926360,      -17647.4200000,
 12637,           0.9926370,      -17646.3800000,
 12638,           0.9926380,      -17645.3000000,
 12639,           0.9926390,      -17644.1900000,
 12640,           0.9926400,      -17643.0720000,
 12641,           0.9926410,      -17642.0400000,
 12642,           0.9926420,      -17640.9500000,
 12643,           0.9926430,      -17639.8400000,
 12644,           0.9926440,      -17638.7240000,
 12645,           0.9926450,      -17637.6400000,
 12646,           0.9926460,      -17636.6210000,
 12647,           0.9926470,      -17635.5000000,
 12648,           0.9926480,      -17634.4040000,
 12649,           0.9926490,      -17633.2830000,
 12650,           0.9926500,      -17632.2830000,
 12651,           0.9926510,      -17631.1800000,
 12652,           0.9926520,      -17630.0540000,
 12653,           0.9926530,      -17628.9400000,
 12654,           0.9926540,      -17627.8610000,
 12655,           0.9926550,      -17626.8200000,
 12656,           0.9926560,      -17625.7000000,
 12657,           0.9926570,      -17624.6100000,
 12658,           0.9926580,      -17623.5200000,
 12659,           0.9926590,      -17622.4700000,
 12660,           0.9926600,      -17621.3710000,
 12661,           0.9926610,      -17620.2600000,
 12662,           0.9926620,      -17619.2000000,
 12663,           0.9926630,      -17618.0800000,
 12664,           0.9926640,      -17617.0300000,
 12665,           0.9926650,      -17615.9400000,
 12666,           0.9926660,      -17614.8430000,
 12667,           0.9926670,      -17613.7600000,
 12668,           0.9926680,      -17612.7010000,
 12669,           0.9926690,      -17611.5900000,
 12670,           0.9926700,      -17610.5010000,
 12671,           0.9926710,      -17609.3940000,
 12672,           0.9926720,      -17608.2910000,
 12673,           0.9926730,      -17607.2500000,
 12674,           0.9926740,      -17606.1600000,
 12675,           0.9926750,      -17605.0600000,
 12676,           0.9926760,      -17603.9500000,
 12677,           0.9926770,      -17602.8800000,
 12678,           0.9926780,      -17601.8140000,
 12679,           0.9926790,      -17600.6900000,
 12680,           0.9926800,      -17599.5700000,
 12681,           0.9926810,      -17598.4620000,
 12682,           0.9926820,      -17597.4600000,
 12683,           0.9926830,      -17596.3500000,
 12684,           0.9926840,      -17595.2240000,
 12685,           0.9926850,      -17594.1100000,
 12686,           0.9926860,      -17593.1100000,
 12687,           0.9926870,      -17592.0010000,
 12688,           0.9926880,      -17590.8900000,
 12689,           0.9926890,      -17589.7800000,
 12690,           0.9926900,      -17588.6600000,
 12691,           0.9926910,      -17587.6600000,
 12692,           0.9926920,      -17586.5440000,
 12693,           0.9926930,      -17585.4330000,
 12694,           0.9926940,      -17584.3300000,
 12695,           0.9926950,      -17583.3100000,
 12696,           0.9926960,      -17582.1930000,
 12697,           0.9926970,      -17581.0900000,
 12698,           0.9926980,      -17579.9840000,
 12699,           0.9926990,      -17578.8820000,
 12700,           0.9927000,      -17577.8600000,
 12701,           0.9927010,      -17568.5230000,
 12702,           0.9927020,      -17567.3920000,
 12703,           0.9927030,      -17557.7900000,
 12704,           0.9927040,      -17556.7200000,
 12705,           0.9927050,      -17555.6100000,
 12706,           0.9927060,      -17554.5000000,
 12707,           0.9927070,      -17553.4020000,
 12708,           0.9927080,      -17552.2920000,
 12709,           0.9927090,      -17551.2600000,
 12710,           0.9927100,      -17550.1300000,
 12711,           0.9927110,      -17549.0200000,
 12712,           0.9927120,      -17547.9000000,
 12713,           0.9927130,      -17546.8610000,
 12714,           0.9927140,      -17545.7500000,
 12715,           0.9927150,      -17544.6710000,
 12716,           0.9927160,      -17543.5540000,
 12717,           0.9927170,      -17542.4500000,
 12718,           0.9927180,      -17532.8510000,
 12719,           0.9927190,      -17531.7700000,
 12720,           0.9927200,      -17530.6620000,
 12721,           0.9927210,      -17529.5300000,
 12722,           0.9927220,      -17528.4600000,
 12723,           0.9927230,      -17527.3900000,
 12724,           0.9927240,      -17526.2810000,
 12725,           0.9927250,      -17525.1540000,
 12726,           0.9927260,      -17524.0500000,
 12727,           0.9927270,      -17523.0110000,
 12728,           0.9927280,      -17521.8940000,
 12729,           0.9927290,      -17520.7800000,
 12730,           0.9927300,      -17519.6710000,
 12731,           0.9927310,      -17518.6400000,
 12732,           0.9927320,      -17517.5300000,
 12733,           0.9927330,      -17516.4200000,
 12734,           0.9927340,      -17515.2920000,
 12735,           0.9927350,      -17514.2200000,
 12736,           0.9927360,      -17513.1640000,
 12737,           0.9927370,      -17512.0400000,
 12738,           0.9927380,      -17510.9400000,
 12739,           0.9927390,      -17509.8100000,
 12740,           0.9927400,      -17508.7610000,
 12741,           0.9927410,      -17507.6400000,
 12742,           0.9927420,      -17506.5210000,
 12743,           0.9927430,      -17505.4000000,
 12744,           0.9927440,      -17504.3240000,
 12745,           0.9927450,      -17503.2800000,
 12746,           0.9927460,      -17502.1600000,
 12747,           0.9927470,      -17501.0400000,
 12748,           0.9927480,      -17499.9400000,
 12749,           0.9927490,      -17498.8800000,
 12750,           0.9927500,      -17497.7800000,
 12751,           0.9927510,      -17496.6600000,
 12752,           0.9927520,      -17495.5800000,
 12753,           0.9927530,      -17494.4600000,
 12754,           0.9927540,      -17493.4040000,
 12755,           0.9927550,      -17492.2800000,
 12756,           0.9927560,      -17491.2100000,
 12757,           0.9927570,      -17490.0800000,
 12758,           0.9927580,      -17489.0100000,
 12759,           0.9927590,      -17487.9120000,
 12760,           0.9927600,      -17486.8220000,
 12761,           0.9927610,      -17485.7120000,
 12762,           0.9927620,      -17484.5800000,
 12763,           0.9927630,      -17483.5230000,
 12764,           0.9927640,      -17482.4430000,
 12765,           0.9927650,      -17481.3300000,
 12766,           0.9927660,      -17480.2100000,
 12767,           0.9927670,      -17479.1240000,
 12768,           0.9927680,      -17478.0500000,
 12769,           0.9927690,      -17476.9200000,
 12770,           0.9927700,      -17475.8040000,
 12771,           0.9927710,      -17474.6700000,
 12772,           0.9927720,      -17473.6300000,
 12773,           0.9927730,      -17472.5440000,
 12774,           0.9927740,      -17471.4300000,
 12775,           0.9927750,      -17470.3000000,
 12776,           0.9927760,      -17469.2510000,
 12777,           0.9927770,      -17468.1600000,
 12778,           0.9927780,      -17467.0400000,
 12779,           0.9927790,      -17465.9200000,
 12780,           0.9927800,      -17464.8040000,
 12781,           0.9927810,      -17463.7700000,
 12782,           0.9927820,      -17462.6540000,
 12783,           0.9927830,      -17461.5400000,
 12784,           0.9927840,      -17460.4000000,
 12785,           0.9927850,      -17459.4020000,
 12786,           0.9927860,      -17458.2700000,
 12787,           0.9927870,      -17457.1600000,
 12788,           0.9927880,      -17456.0500000,
 12789,           0.9927890,      -17455.0100000,
 12790,           0.9927900,      -17453.8900000,
 12791,           0.9927910,      -17452.7510000,
 12792,           0.9927920,      -17451.6400000,
 12793,           0.9927930,      -17450.5420000,
 12794,           0.9927940,      -17449.4900000,
 12795,           0.9927950,      -17448.3900000,
 12796,           0.9927960,      -17447.2500000,
 12797,           0.9927970,      -17446.1620000,
 12798,           0.9927980,      -17445.1000000,
 12799,           0.9927990,      -17443.9820000,
 12800,           0.9928000,      -17442.8530000,
 12801,           0.9928010,      -17441.7800000,
 12802,           0.9928020,      -17440.6440000,
 12803,           0.9928030,      -17439.6000000,
 12804,           0.9928040,      -17438.4820000,
 12805,           0.9928050,      -17437.3510000,
 12806,           0.9928060,      -17436.2600000,
 12807,           0.9928070,      -17435.2140000,
 12808,           0.9928080,      -17434.0820000,
 12809,           0.9928090,      -17432.9600000,
 12810,           0.9928100,      -17431.8710000,
 12811,           0.9928110,      -17430.7510000,
 12812,           0.9928120,      -17429.7200000,
 12813,           0.9928130,      -17428.5600000,
 12814,           0.9928140,      -17427.4700000,
 12815,           0.9928150,      -17426.3600000,
 12816,           0.9928160,      -17425.3000000,
 12817,           0.9928170,      -17424.1800000,
 12818,           0.9928180,      -17423.0900000,
 12819,           0.9928190,      -17421.9600000,
 12820,           0.9928200,      -17420.8320000,
 12821,           0.9928210,      -17419.7710000,
 12822,           0.9928220,      -17418.6910000,
 12823,           0.9928230,      -17417.5540000,
 12824,           0.9928240,      -17416.4430000,
 12825,           0.9928250,      -17415.4000000,
 12826,           0.9928260,      -17414.2900000,
 12827,           0.9928270,      -17413.1700000,
 12828,           0.9928280,      -17412.0400000,
 12829,           0.9928290,      -17410.9140000,
 12830,           0.9928300,      -17409.8710000,
 12831,           0.9928310,      -17408.7730000,
 12832,           0.9928320,      -17407.6500000,
 12833,           0.9928330,      -17406.5200000,
 12834,           0.9928340,      -17405.4600000,
 12835,           0.9928350,      -17404.3630000,
 12836,           0.9928360,      -17403.2500000,
 12837,           0.9928370,      -17402.1210000,
 12838,           0.9928380,      -17400.9940000,
 12839,           0.9928390,      -17399.9800000,
 12840,           0.9928400,      -17398.8510000,
 12841,           0.9928410,      -17397.7300000,
 12842,           0.9928420,      -17396.6100000,
 12843,           0.9928430,      -17395.5800000,
 12844,           0.9928440,      -17394.4530000,
 12845,           0.9928450,      -17393.3100000,
 12846,           0.9928460,      -17392.2000000,
 12847,           0.9928470,      -17391.1100000,
 12848,           0.9928480,      -17390.0500000,
 12849,           0.9928490,      -17388.9040000,
 12850,           0.9928500,      -17387.7700000,
 12851,           0.9928510,      -17386.6900000,
 12852,           0.9928520,      -17385.6130000,
 12853,           0.9928530,      -17384.4720000,
 12854,           0.9928540,      -17383.3500000,
 12855,           0.9928550,      -17382.2400000,
 12856,           0.9928560,      -17381.1300000,
 12857,           0.9928570,      -17380.0410000,
 12858,           0.9928580,      -17378.9300000,
 12859,           0.9928590,      -17377.7900000,
 12860,           0.9928600,      -17376.6810000,
 12861,           0.9928610,      -17375.6300000,
 12862,           0.9928620,      -17374.5030000,
 12863,           0.9928630,      -17373.3730000,
 12864,           0.9928640,      -17372.2600000,
 12865,           0.9928650,      -17371.1300000,
 12866,           0.9928660,      -17370.0640000,
 12867,           0.9928670,      -17368.9400000,
 12868,           0.9928680,      -17367.8200000,
 12869,           0.9928690,      -17366.6810000,
 12870,           0.9928700,      -17365.6100000,
 12871,           0.9928710,      -17364.4800000,
 12872,           0.9928720,      -17363.3730000,
 12873,           0.9928730,      -17362.2630000,
 12874,           0.9928740,      -17361.0800000,
 12875,           0.9928750,      -17360.0200000,
 12876,           0.9928760,      -17349.6540000,
 12877,           0.9928770,      -17348.5200000,
 12878,           0.9928780,      -17347.3900000,
 12879,           0.9928790,      -17346.3240000,
 12880,           0.9928800,      -17345.1810000,
 12881,           0.9928810,      -17344.0740000,
 12882,           0.9928820,      -17342.9500000,
 12883,           0.9928830,      -17341.8100000,
 12884,           0.9928840,      -17340.7300000,
 12885,           0.9928850,      -17339.6320000,
 12886,           0.9928860,      -17338.5100000,
 12887,           0.9928870,      -17337.3800000,
 12888,           0.9928880,      -17336.2910000,
 12889,           0.9928890,      -17335.2000000,
 12890,           0.9928900,      -17334.0640000,
 12891,           0.9928910,      -17332.9100000,
 12892,           0.9928920,      -17419.8100000,
 12893,           0.9928930,      -17418.7630000,
 12894,           0.9928940,      -17417.6100000,
 12895,           0.9928950,      -17416.4740000,
 12896,           0.9928960,      -17415.3300000,
 12897,           0.9928970,      -17414.2940000,
 12898,           0.9928980,      -17413.1800000,
 12899,           0.9928990,      -17412.0300000,
 12900,           0.9929000,      -17410.9020000,
 12901,           0.9929010,      -17400.5230000,
 12902,           0.9929020,      -17399.4600000,
 12903,           0.9929030,      -17398.3330000,
 12904,           0.9929040,      -17397.1730000,
 12905,           0.9929050,      -17396.0440000,
 12906,           0.9929060,      -17395.0200000,
 12907,           0.9929070,      -17393.8530000,
 12908,           0.9929080,      -17392.7300000,
 12909,           0.9929090,      -17391.5800000,
 12910,           0.9929100,      -17390.4510000,
 12911,           0.9929110,      -17389.3700000,
 12912,           0.9929120,      -17388.2300000,
 12913,           0.9929130,      -17387.0900000,
 12914,           0.9929140,      -17385.9800000,
 12915,           0.9929150,      -17384.9200000,
 12916,           0.9929160,      -17383.7700000,
 12917,           0.9929170,      -17382.6300000,
 12918,           0.9929180,      -17381.5300000,
 12919,           0.9929190,      -17380.3530000,
 12920,           0.9929200,      -17379.3040000,
 12921,           0.9929210,      -17378.1600000,
 12922,           0.9929220,      -17377.0210000,
 12923,           0.9929230,      -17375.9000000,
 12924,           0.9929240,      -17374.8410000,
 12925,           0.9929250,      -17373.6730000,
 12926,           0.9929260,      -17372.5310000,
 12927,           0.9929270,      -17371.4100000,
 12928,           0.9929280,      -17370.2710000,
 12929,           0.9929290,      -17369.1910000,
 12930,           0.9929300,      -17368.0520000,
 12931,           0.9929310,      -17366.9410000,
 12932,           0.9929320,      -17365.8140000,
 12933,           0.9929330,      -17364.7220000,
 12934,           0.9929340,      -17363.5800000,
 12935,           0.9929350,      -17362.4700000,
 12936,           0.9929360,      -17361.3400000,
 12937,           0.9929370,      -17360.1900000,
 12938,           0.9929380,      -17359.1210000,
 12939,           0.9929390,      -17358.0100000,
 12940,           0.9929400,      -17356.8700000,
 12941,           0.9929410,      -17355.7300000,
 12942,           0.9929420,      -17354.6500000,
 12943,           0.9929430,      -17353.4840000,
 12944,           0.9929440,      -17352.3800000,
 12945,           0.9929450,      -17351.2400000,
 12946,           0.9929460,      -17350.0900000,
 12947,           0.9929470,      -17349.0230000,
 12948,           0.9929480,      -17347.9120000,
 12949,           0.9929490,      -17346.7810000,
 12950,           0.9929500,      -17345.6130000,
 12951,           0.9929510,      -17344.5420000,
 12952,           0.9929520,      -17343.4400000,
 12953,           0.9929530,      -17342.2920000,
 12954,           0.9929540,      -17341.1340000,
 12955,           0.9929550,      -17340.0030000,
 12956,           0.9929560,      -17338.9700000,
 12957,           0.9929570,      -17337.8220000,
 12958,           0.9929580,      -17336.6800000,
 12959,           0.9929590,      -17335.5300000,
 12960,           0.9929600,      -17334.4500000,
 12961,           0.9929610,      -17333.3500000,
 12962,           0.9929620,      -17332.1900000,
 12963,           0.9929630,      -17331.0600000,
 12964,           0.9929640,      -17329.9100000,
 12965,           0.9929650,      -17328.8700000,
 12966,           0.9929660,      -17327.7300000,
 12967,           0.9929670,      -17326.5930000,
 12968,           0.9929680,      -17325.4300000,
 12969,           0.9929690,      -17324.4000000,
 12970,           0.9929700,      -17323.2500000,
 12971,           0.9929710,      -17322.0930000,
 12972,           0.9929720,      -17320.9600000,
 12973,           0.9929730,      -17319.8600000,
 12974,           0.9929740,      -17318.7600000,
 12975,           0.9929750,      -17317.6010000,
 12976,           0.9929760,      -17316.4800000,
 12977,           0.9929770,      -17315.3700000,
 12978,           0.9929780,      -17314.2830000,
 12979,           0.9929790,      -17313.1440000,
 12980,           0.9929800,      -17311.9900000,
 12981,           0.9929810,      -17310.8500000,
 12982,           0.9929820,      -17309.8040000,
 12983,           0.9929830,      -17308.6710000,
 12984,           0.9929840,      -17307.5330000,
 12985,           0.9929850,      -17297.2240000,
 12986,           0.9929860,      -17296.1000000,
 12987,           0.9929870,      -17295.0300000,
 12988,           0.9929880,      -17293.8600000,
 12989,           0.9929890,      -17292.7300000,
 12990,           0.9929900,      -17291.6000000,
 12991,           0.9929910,      -17378.5700000,
 12992,           0.9929920,      -17377.4020000,
 12993,           0.9929930,      -17376.2600000,
 12994,           0.9929940,      -17375.1500000,
 12995,           0.9929950,      -17374.0000000,
 12996,           0.9929960,      -17372.9140000,
 12997,           0.9929970,      -17371.7530000,
 12998,           0.9929980,      -17370.6100000,
 12999,           0.9929990,      -17369.5110000,
 13000,           0.9930000,      -17368.4140000,
 13001,           0.9930010,      -17367.2800000,
 13002,           0.9930020,      -17366.1200000,
 13003,           0.9930030,      -17364.9900000,
 13004,           0.9930040,      -17363.8410000,
 13005,           0.9930050,      -17362.7600000,
 13006,           0.9930060,      -17361.6100000,
 13007,           0.9930070,      -17360.5030000,
 13008,           0.9930080,      -17359.3410000,
 13009,           0.9930090,      -17358.2600000,
 13010,           0.9930100,      -17357.1000000,
 13011,           0.9930110,      -17355.9500000,
 13012,           0.9930120,      -17354.8410000,
 13013,           0.9930130,      -17353.7100000,
 13014,           0.9930140,      -17352.6130000,
 13015,           0.9930150,      -17351.4620000,
 13016,           0.9930160,      -17350.3300000,
 13017,           0.9930170,      -17349.1700000,
 13018,           0.9930180,      -17348.1200000,
 13019,           0.9930190,      -17346.9430000,
 13020,           0.9930200,      -17345.8500000,
 13021,           0.9930210,      -17344.6900000,
 13022,           0.9930220,      -17343.5200000,
 13023,           0.9930230,      -17342.4600000,
 13024,           0.9930240,      -17341.3500000,
 13025,           0.9930250,      -17340.2000000,
 13026,           0.9930260,      -17339.0420000,
 13027,           0.9930270,      -17337.9600000,
 13028,           0.9930280,      -17336.8100000,
 13029,           0.9930290,      -17335.6900000,
 13030,           0.9930300,      -17334.5300000,
 13031,           0.9930310,      -17333.3900000,
 13032,           0.9930320,      -17332.2940000,
 13033,           0.9930330,      -17331.1830000,
 13034,           0.9930340,      -17330.0400000,
 13035,           0.9930350,      -17328.8800000,
 13036,           0.9930360,      -17327.7900000,
 13037,           0.9930370,      -17326.6900000,
 13038,           0.9930380,      -17325.5440000,
 13039,           0.9930390,      -17324.4000000,
 13040,           0.9930400,      -17323.2340000,
 13041,           0.9930410,      -17322.1800000,
 13042,           0.9930420,      -17321.0400000,
 13043,           0.9930430,      -17319.8800000,
 13044,           0.9930440,      -17318.7100000,
 13045,           0.9930450,      -17317.6300000,
 13046,           0.9930460,      -17316.5130000,
 13047,           0.9930470,      -17306.0300000,
 13048,           0.9930480,      -17304.8600000,
 13049,           0.9930490,      -17303.7100000,
 13050,           0.9930500,      -17302.6700000,
 13051,           0.9930510,      -17301.5100000,
 13052,           0.9930520,      -17300.3700000,
 13053,           0.9930530,      -17299.2200000,
 13054,           0.9930540,      -17298.1710000,
 13055,           0.9930550,      -17297.0200000,
 13056,           0.9930560,      -17295.8530000,
 13057,           0.9930570,      -17294.7000000,
 13058,           0.9930580,      -17293.5500000,
 13059,           0.9930590,      -17292.5200000,
 13060,           0.9930600,      -17291.3600000,
 13061,           0.9930610,      -17290.1910000,
 13062,           0.9930620,      -17289.0300000,
 13063,           0.9930630,      -17287.9840000,
 13064,           0.9930640,      -17286.8610000,
 13065,           0.9930650,      -17285.6900000,
 13066,           0.9930660,      -17284.5400000,
 13067,           0.9930670,      -17283.4300000,
 13068,           0.9930680,      -17282.3320000,
 13069,           0.9930690,      -17271.8610000,
 13070,           0.9930700,      -17270.7000000,
 13071,           0.9930710,      -17269.5720000,
 13072,           0.9930720,      -17268.5030000,
 13073,           0.9930730,      -17267.3530000,
 13074,           0.9930740,      -17354.2400000,
 13075,           0.9930750,      -17353.0820000,
 13076,           0.9930760,      -17351.9720000,
 13077,           0.9930770,      -17350.8730000,
 13078,           0.9930780,      -17349.7300000,
 13079,           0.9930790,      -17348.5700000,
 13080,           0.9930800,      -17347.4720000,
 13081,           0.9930810,      -17346.3600000,
 13082,           0.9930820,      -17345.2000000,
 13083,           0.9930830,      -17344.0410000,
 13084,           0.9930840,      -17342.9300000,
 13085,           0.9930850,      -17341.7830000,
 13086,           0.9930860,      -17340.7010000,
 13087,           0.9930870,      -17339.5500000,
 13088,           0.9930880,      -17338.4100000,
 13089,           0.9930890,      -17337.2730000,
 13090,           0.9930900,      -17336.2000000,
 13091,           0.9930910,      -17335.0520000,
 13092,           0.9930920,      -17333.9000000,
 13093,           0.9930930,      -17332.7800000,
 13094,           0.9930940,      -17331.6130000,
 13095,           0.9930950,      -17330.5200000,
 13096,           0.9930960,      -17329.3700000,
 13097,           0.9930970,      -17328.2500000,
 13098,           0.9930980,      -17327.0910000,
 13099,           0.9930990,      -17326.0210000,
 13100,           0.9931000,      -17324.8700000,
 13101,           0.9931010,      -17323.7120000,
 13102,           0.9931020,      -17322.5930000,
 13103,           0.9931030,      -17321.4500000,
 13104,           0.9931040,      -17320.3730000,
 13105,           0.9931050,      -17319.2120000,
 13106,           0.9931060,      -17318.0720000,
 13107,           0.9931070,      -17316.9200000,
 13108,           0.9931080,      -17315.8300000,
 13109,           0.9931090,      -17314.6910000,
 13110,           0.9931100,      -17313.5720000,
 13111,           0.9931110,      -17312.4140000,
 13112,           0.9931120,      -17311.2630000,
 13113,           0.9931130,      -17310.1700000,
 13114,           0.9931140,      -17309.0200000,
 13115,           0.9931150,      -17307.9230000,
 13116,           0.9931160,      -17306.7500000,
 13117,           0.9931170,      -17305.6620000,
 13118,           0.9931180,      -17304.4840000,
 13119,           0.9931190,      -17303.3820000,
 13120,           0.9931200,      -17302.2400000,
 13121,           0.9931210,      -17301.0910000,
 13122,           0.9931220,      -17300.0200000,
 13123,           0.9931230,      -17298.8820000,
 13124,           0.9931240,      -17297.7340000,
 13125,           0.9931250,      -17296.5740000,
 13126,           0.9931260,      -17295.4900000,
 13127,           0.9931270,      -17294.3320000,
 13128,           0.9931280,      -17293.2120000,
 13129,           0.9931290,      -17292.0500000,
 13130,           0.9931300,      -17290.8900000,
 13131,           0.9931310,      -17289.8040000,
 13132,           0.9931320,      -17288.6830000,
 13133,           0.9931330,      -17287.5300000,
 13134,           0.9931340,      -17286.3800000,
 13135,           0.9931350,      -17285.2900000,
 13136,           0.9931360,      -17284.1800000,
 13137,           0.9931370,      -17283.0200000,
 13138,           0.9931380,      -17281.8740000,
 13139,           0.9931390,      -17280.7300000,
 13140,           0.9931400,      -17279.6400000,
 13141,           0.9931410,      -17278.5000000,
 13142,           0.9931420,      -17277.3400000,
 13143,           0.9931430,      -17276.1900000,
 13144,           0.9931440,      -17275.0930000,
 13145,           0.9931450,      -17273.9900000,
 13146,           0.9931460,      -17272.8320000,
 13147,           0.9931470,      -17271.6800000,
 13148,           0.9931480,      -17270.5100000,
 13149,           0.9931490,      -17269.4620000,
 13150,           0.9931500,      -17268.3200000,
 13151,           0.9931510,      -17267.1730000,
 13152,           0.9931520,      -17265.9840000,
 13153,           0.9931530,      -17264.8900000,
 13154,           0.9931540,      -17263.7900000,
 13155,           0.9931550,      -17262.6300000,
 13156,           0.9931560,      -17261.4740000,
 13157,           0.9931570,      -17260.3240000,
 13158,           0.9931580,      -17259.2800000,
 13159,           0.9931590,      -17258.1300000,
 13160,           0.9931600,      -17256.9600000,
 13161,           0.9931610,      -17255.8020000,
 13162,           0.9931620,      -17254.7400000,
 13163,           0.9931630,      -17253.5900000,
 13164,           0.9931640,      -17252.4330000,
 13165,           0.9931650,      -17251.2800000,
 13166,           0.9931660,      -17250.1200000,
 13167,           0.9931670,      -17249.0700000,
 13168,           0.9931680,      -17335.9500000,
 13169,           0.9931690,      -17334.7700000,
 13170,           0.9931700,      -17333.6210000,
 13171,           0.9931710,      -17332.5700000,
 13172,           0.9931720,      -17331.4100000,
 13173,           0.9931730,      -17330.2530000,
 13174,           0.9931740,      -17329.0830000,
 13175,           0.9931750,      -17327.9700000,
 13176,           0.9931760,      -17326.8820000,
 13177,           0.9931770,      -17325.7300000,
 13178,           0.9931780,      -17324.5700000,
 13179,           0.9931790,      -17323.4400000,
 13180,           0.9931800,      -17322.3630000,
 13181,           0.9931810,      -17409.2420000,
 13182,           0.9931820,      -17408.0900000,
 13183,           0.9931830,      -17406.9330000,
 13184,           0.9931840,      -17405.8500000,
 13185,           0.9931850,      -17404.7100000,
 13186,           0.9931860,      -17403.5500000,
 13187,           0.9931870,      -17402.3900000,
 13188,           0.9931880,      -17401.2300000,
 13189,           0.9931890,      -17400.1710000,
 13190,           0.9931900,      -17399.0300000,
 13191,           0.9931910,      -17397.8710000,
 13192,           0.9931920,      -17396.7100000,
 13193,           0.9931930,      -17395.6400000,
 13194,           0.9931940,      -17394.4900000,
 13195,           0.9931950,      -17393.3300000,
 13196,           0.9931960,      -17392.1600000,
 13197,           0.9931970,      -17391.0400000,
 13198,           0.9931980,      -17389.9600000,
 13199,           0.9931990,      -17388.7910000,
 13200,           0.9932000,      -17387.6200000,
 13201,           0.9932010,      -17386.4600000,
 13202,           0.9932020,      -17385.3940000,
 13203,           0.9932030,      -17384.2320000,
 13204,           0.9932040,      -17383.0700000,
 13205,           0.9932050,      -17381.9000000,
 13206,           0.9932060,      -17380.7730000,
 13207,           0.9932070,      -17379.6730000,
 13208,           0.9932080,      -17378.5100000,
 13209,           0.9932090,      -17377.3510000,
 13210,           0.9932100,      -17376.2320000,
 13211,           0.9932110,      -17365.7340000,
 13212,           0.9932120,      -17364.5900000,
 13213,           0.9932130,      -17363.4100000,
 13214,           0.9932140,      -17362.2600000,
 13215,           0.9932150,      -17361.1300000,
 13216,           0.9932160,      -17351.7300000,
 13217,           0.9932170,      -17350.5410000,
 13218,           0.9932180,      -17349.4000000,
 13219,           0.9932190,      -17348.2700000,
 13220,           0.9932200,      -17347.1700000,
 13221,           0.9932210,      -17346.0200000,
 13222,           0.9932220,      -17344.8500000,
 13223,           0.9932230,      -17343.6810000,
 13224,           0.9932240,      -17342.5620000,
 13225,           0.9932250,      -17341.4700000,
 13226,           0.9932260,      -17340.2830000,
 13227,           0.9932270,      -17339.1340000,
 13228,           0.9932280,      -17337.9800000,
 13229,           0.9932290,      -17336.9000000,
 13230,           0.9932300,      -17335.7500000,
 13231,           0.9932310,      -17334.5800000,
 13232,           0.9932320,      -17333.4430000,
 13233,           0.9932330,      -17332.2800000,
 13234,           0.9932340,      -17331.1800000,
 13235,           0.9932350,      -17330.0000000,
 13236,           0.9932360,      -17328.8400000,
 13237,           0.9932370,      -17327.7010000,
 13238,           0.9932380,      -17326.6200000,
 13239,           0.9932390,      -17325.4500000,
 13240,           0.9932400,      -17324.2830000,
 13241,           0.9932410,      -17323.1620000,
 13242,           0.9932420,      -17321.9840000,
 13243,           0.9932430,      -17320.8900000,
 13244,           0.9932440,      -17319.7400000,
 13245,           0.9932450,      -17318.5500000,
 13246,           0.9932460,      -17317.4230000,
 13247,           0.9932470,      -17316.3240000,
 13248,           0.9932480,      -17315.1800000,
 13249,           0.9932490,      -17314.0000000,
 13250,           0.9932500,      -17312.8710000,
 13251,           0.9932510,      -17302.3100000,
 13252,           0.9932520,      -17301.2200000,
 13253,           0.9932530,      -17300.0420000,
 13254,           0.9932540,      -17298.9020000,
 13255,           0.9932550,      -17297.7600000,
 13256,           0.9932560,      -17296.6600000,
 13257,           0.9932570,      -17295.4820000,
 13258,           0.9932580,      -17294.3240000,
 13259,           0.9932590,      -17293.2000000,
 13260,           0.9932600,      -17292.0310000,
 13261,           0.9932610,      -17290.9300000,
 13262,           0.9932620,      -17289.7700000,
 13263,           0.9932630,      -17288.6110000,
 13264,           0.9932640,      -17287.4600000,
 13265,           0.9932650,      -17286.3600000,
 13266,           0.9932660,      -17285.1810000,
 13267,           0.9932670,      -17284.0200000,
 13268,           0.9932680,      -17282.8710000,
 13269,           0.9932690,      -17281.7100000,
 13270,           0.9932700,      -17280.6130000,
 13271,           0.9932710,      -17279.4300000,
 13272,           0.9932720,      -17278.3200000,
 13273,           0.9932730,      -17277.1400000,
 13274,           0.9932740,      -17276.0100000,
 13275,           0.9932750,      -17274.8320000,
 13276,           0.9932760,      -17273.6500000,
 13277,           0.9932770,      -17272.5310000,
 13278,           0.9932780,      -17271.3700000,
 13279,           0.9932790,      -17270.2600000,
 13280,           0.9932800,      -17269.0800000,
 13281,           0.9932810,      -17267.9510000,
 13282,           0.9932820,      -17266.7900000,
 13283,           0.9932830,      -17265.6500000,
 13284,           0.9932840,      -17264.4800000,
 13285,           0.9932850,      -17263.3100000,
 13286,           0.9932860,      -17262.1600000,
 13287,           0.9932870,      -17261.0100000,
 13288,           0.9932880,      -17259.9100000,
 13289,           0.9932890,      -17258.7200000,
 13290,           0.9932900,      -17257.6000000,
 13291,           0.9932910,      -17256.4300000,
 13292,           0.9932920,      -17255.3000000,
 13293,           0.9932930,      -17254.1200000,
 13294,           0.9932940,      -17252.9940000,
 13295,           0.9932950,      -17251.8300000,
 13296,           0.9932960,      -17250.6500000,
 13297,           0.9932970,      -17249.5500000,
 13298,           0.9932980,      -17248.3800000,
 13299,           0.9932990,      -17247.2300000,
 13300,           0.9933000,      -17246.0600000,
 13301,           0.9933010,      -17244.9510000,
 13302,           0.9933020,      -17243.7600000,
 13303,           0.9933030,      -17242.6340000,
 13304,           0.9933040,      -17241.4600000,
 13305,           0.9933050,      -17240.2730000,
 13306,           0.9933060,      -17239.1900000,
 13307,           0.9933070,      -17237.9920000,
 13308,           0.9933080,      -17236.8710000,
 13309,           0.9933090,      -17235.7030000,
 13310,           0.9933100,      -17234.6030000,
 13311,           0.9933110,      -17233.4100000,
 13312,           0.9933120,      -17232.2800000,
 13313,           0.9933130,      -17231.1100000,
 13314,           0.9933140,      -17229.9300000,
 13315,           0.9933150,      -17228.8020000,
 13316,           0.9933160,      -17227.6500000,
 13317,           0.9933170,      -17226.5030000,
 13318,           0.9933180,      -17225.3500000,
 13319,           0.9933190,      -17224.2320000,
 13320,           0.9933200,      -17223.0400000,
 13321,           0.9933210,      -17221.9120000,
 13322,           0.9933220,      -17220.7200000,
 13323,           0.9933230,      -17219.5400000,
 13324,           0.9933240,      -17218.4430000,
 13325,           0.9933250,      -17217.2700000,
 13326,           0.9933260,      -17216.1300000,
 13327,           0.9933270,      -17214.9430000,
 13328,           0.9933280,      -17213.8300000,
 13329,           0.9933290,      -17212.6520000,
 13330,           0.9933300,      -17211.5010000,
 13331,           0.9933310,      -17202.0440000,
 13332,           0.9933320,      -17200.8410000,
 13333,           0.9933330,      -17199.7600000,
 13334,           0.9933340,      -17198.5700000,
 13335,           0.9933350,      -17197.4330000,
 13336,           0.9933360,      -17196.2420000,
 13337,           0.9933370,      -17195.1200000,
 13338,           0.9933380,      -17193.9400000,
 13339,           0.9933390,      -17192.8020000,
 13340,           0.9933400,      -17191.6130000,
 13341,           0.9933410,      -17190.4330000,
 13342,           0.9933420,      -17189.3400000,
 13343,           0.9933430,      -17188.1800000,
 13344,           0.9933440,      -17187.0000000,
 13345,           0.9933450,      -17185.8100000,
 13346,           0.9933460,      -17184.7000000,
 13347,           0.9933470,      -17183.5100000,
 13348,           0.9933480,      -17182.3730000,
 13349,           0.9933490,      -17181.1810000,
 13350,           0.9933500,      -17180.0300000,
 13351,           0.9933510,      -17178.9000000,
 13352,           0.9933520,      -17177.7700000,
 13353,           0.9933530,      -17176.5800000,
 13354,           0.9933540,      -17175.4100000,
 13355,           0.9933550,      -17174.2730000,
 13356,           0.9933560,      -17173.0930000,
 13357,           0.9933570,      -17171.9530000,
 13358,           0.9933580,      -17170.7800000,
 13359,           0.9933590,      -17169.5910000,
 13360,           0.9933600,      -17168.4940000,
 13361,           0.9933610,      -17167.3430000,
 13362,           0.9933620,      -17166.1500000,
 13363,           0.9933630,      -17164.9700000,
 13364,           0.9933640,      -17163.8510000,
 13365,           0.9933650,      -17162.6800000,
 13366,           0.9933660,      -17161.5210000,
 13367,           0.9933670,      -17160.3600000,
 13368,           0.9933680,      -17159.1700000,
 13369,           0.9933690,      -17158.0540000,
 13370,           0.9933700,      -17156.9040000,
 13371,           0.9933710,      -17155.7320000,
 13372,           0.9933720,      -17154.5200000,
 13373,           0.9933730,      -17153.4100000,
 13374,           0.9933740,      -17152.2300000,
 13375,           0.9933750,      -17151.0800000,
 13376,           0.9933760,      -17141.5700000,
 13377,           0.9933770,      -17140.4600000,
 13378,           0.9933780,      -17139.2710000,
 13379,           0.9933790,      -17138.1400000,
 13380,           0.9933800,      -17136.9300000,
 13381,           0.9933810,      -17135.7400000,
 13382,           0.9933820,      -17134.6300000,
 13383,           0.9933830,      -17133.4400000,
 13384,           0.9933840,      -17132.2900000,
 13385,           0.9933850,      -17131.1010000,
 13386,           0.9933860,      -17129.9800000,
 13387,           0.9933870,      -17128.8220000,
 13388,           0.9933880,      -17127.6230000,
 13389,           0.9933890,      -17126.4400000,
 13390,           0.9933900,      -17125.2730000,
 13391,           0.9933910,      -17124.1500000,
 13392,           0.9933920,      -17122.9640000,
 13393,           0.9933930,      -17121.8040000,
 13394,           0.9933940,      -17120.6200000,
 13395,           0.9933950,      -17119.5200000,
 13396,           0.9933960,      -17118.3220000,
 13397,           0.9933970,      -17117.1640000,
 13398,           0.9933980,      -17115.9740000,
 13399,           0.9933990,      -17114.7900000,
 13400,           0.9934000,      -17113.6730000,
 13401,           0.9934010,      -17112.5000000,
 13402,           0.9934020,      -17111.3320000,
 13403,           0.9934030,      -17110.1600000,
 13404,           0.9934040,      -17109.0300000,
 13405,           0.9934050,      -17107.8500000,
 13406,           0.9934060,      -17106.6900000,
 13407,           0.9934070,      -17105.4920000,
 13408,           0.9934080,      -17104.3200000,
 13409,           0.9934090,      -17103.2000000,
 13410,           0.9934100,      -17102.0110000,
 13411,           0.9934110,      -17100.8800000,
 13412,           0.9934120,      -17099.6800000,
 13413,           0.9934130,      -17098.5600000,
 13414,           0.9934140,      -17097.3700000,
 13415,           0.9934150,      -17096.2100000,
 13416,           0.9934160,      -17095.0210000,
 13417,           0.9934170,      -17093.8530000,
 13418,           0.9934180,      -17092.7200000,
 13419,           0.9934190,      -17091.5500000,
 13420,           0.9934200,      -17090.4140000,
 13421,           0.9934210,      -17089.2100000,
 13422,           0.9934220,      -17079.7610000,
 13423,           0.9934230,      -17078.5800000,
 13424,           0.9934240,      -17077.3800000,
 13425,           0.9934250,      -17076.2340000,
 13426,           0.9934260,      -17075.0520000,
 13427,           0.9934270,      -17073.9330000,
 13428,           0.9934280,      -17072.7500000,
 13429,           0.9934290,      -17071.5800000,
 13430,           0.9934300,      -17070.3800000,
 13431,           0.9934310,      -17069.2800000,
 13432,           0.9934320,      -17068.0800000,
 13433,           0.9934330,      -17154.9330000,
 13434,           0.9934340,      -17153.7730000,
 13435,           0.9934350,      -17152.6000000,
 13436,           0.9934360,      -17151.4700000,
 13437,           0.9934370,      -17150.2920000,
 13438,           0.9934380,      -17149.1320000,
 13439,           0.9934390,      -17235.9740000,
 13440,           0.9934400,      -17234.8600000,
 13441,           0.9934410,      -17233.6830000,
 13442,           0.9934420,      -17232.4900000,
 13443,           0.9934430,      -17231.3430000,
 13444,           0.9934440,      -17230.1500000,
 13445,           0.9934450,      -17229.0200000,
 13446,           0.9934460,      -17227.8300000,
 13447,           0.9934470,      -17226.6710000,
 13448,           0.9934480,      -17225.4800000,
 13449,           0.9934490,      -17224.3800000,
 13450,           0.9934500,      -17223.2000000,
 13451,           0.9934510,      -17221.9840000,
 13452,           0.9934520,      -17220.8330000,
 13453,           0.9934530,      -17219.6500000,
 13454,           0.9934540,      -17218.5130000,
 13455,           0.9934550,      -17217.3700000,
 13456,           0.9934560,      -17216.2000000,
 13457,           0.9934570,      -17215.0110000,
 13458,           0.9934580,      -17213.8730000,
 13459,           0.9934590,      -17212.7000000,
 13460,           0.9934600,      -17211.5100000,
 13461,           0.9934610,      -17210.3430000,
 13462,           0.9934620,      -17209.1700000,
 13463,           0.9934630,      -17208.0500000,
 13464,           0.9934640,      -17206.8630000,
 13465,           0.9934650,      -17205.7120000,
 13466,           0.9934660,      -17204.5130000,
 13467,           0.9934670,      -17203.4040000,
 13468,           0.9934680,      -17202.2000000,
 13469,           0.9934690,      -17201.0000000,
 13470,           0.9934700,      -17199.8600000,
 13471,           0.9934710,      -17189.2200000,
 13472,           0.9934720,      -17188.1200000,
 13473,           0.9934730,      -17186.9210000,
 13474,           0.9934740,      -17185.7340000,
 13475,           0.9934750,      -17184.5640000,
 13476,           0.9934760,      -17174.0200000,
 13477,           0.9934770,      -17172.8500000,
 13478,           0.9934780,      -17171.6520000,
 13479,           0.9934790,      -17170.4840000,
 13480,           0.9934800,      -17169.3120000,
 13481,           0.9934810,      -17168.1810000,
 13482,           0.9934820,      -17166.9800000,
 13483,           0.9934830,      -17165.8000000,
 13484,           0.9934840,      -17164.6500000,
 13485,           0.9934850,      -17163.5230000,
 13486,           0.9934860,      -17162.3410000,
 13487,           0.9934870,      -17161.1520000,
 13488,           0.9934880,      -17160.0030000,
 13489,           0.9934890,      -17158.8100000,
 13490,           0.9934900,      -17157.6620000,
 13491,           0.9934910,      -17156.4820000,
 13492,           0.9934920,      -17155.3020000,
 13493,           0.9934930,      -17154.1320000,
 13494,           0.9934940,      -17153.0200000,
 13495,           0.9934950,      -17151.8500000,
 13496,           0.9934960,      -17150.6540000,
 13497,           0.9934970,      -17149.4900000,
 13498,           0.9934980,      -17148.2800000,
 13499,           0.9934990,      -17147.1730000,
 13500,           0.9935000,      -17145.9900000,
 13501,           0.9935010,      -17144.7900000,
 13502,           0.9935020,      -17143.6520000,
 13503,           0.9935030,      -17142.5200000,
 13504,           0.9935040,      -17141.3040000,
 13505,           0.9935050,      -17140.1200000,
 13506,           0.9935060,      -17138.9410000,
 13507,           0.9935070,      -17137.7900000,
 13508,           0.9935080,      -17136.6600000,
 13509,           0.9935090,      -17126.0100000,
 13510,           0.9935100,      -17124.8400000,
 13511,           0.9935110,      -17123.6900000,
 13512,           0.9935120,      -17122.5500000,
 13513,           0.9935130,      -17121.3630000,
 13514,           0.9935140,      -17120.1700000,
 13515,           0.9935150,      -17118.9940000,
 13516,           0.9935160,      -17117.8320000,
 13517,           0.9935170,      -17116.7200000,
 13518,           0.9935180,      -17115.5230000,
 13519,           0.9935190,      -17114.3100000,
 13520,           0.9935200,      -17113.1600000,
 13521,           0.9935210,      -17112.0300000,
 13522,           0.9935220,      -17110.8530000,
 13523,           0.9935230,      -17109.6700000,
 13524,           0.9935240,      -17108.4800000,
 13525,           0.9935250,      -17107.3140000,
 13526,           0.9935260,      -17106.1830000,
 13527,           0.9935270,      -17193.0200000,
 13528,           0.9935280,      -17191.8200000,
 13529,           0.9935290,      -17190.6240000,
 13530,           0.9935300,      -17189.5540000,
 13531,           0.9935310,      -17188.3500000,
 13532,           0.9935320,      -17187.1600000,
 13533,           0.9935330,      -17185.9700000,
 13534,           0.9935340,      -17184.8000000,
 13535,           0.9935350,      -17183.6830000,
 13536,           0.9935360,      -17182.4820000,
 13537,           0.9935370,      -17181.3100000,
 13538,           0.9935380,      -17180.1000000,
 13539,           0.9935390,      -17179.0200000,
 13540,           0.9935400,      -17177.8140000,
 13541,           0.9935410,      -17176.6200000,
 13542,           0.9935420,      -17175.4200000,
 13543,           0.9935430,      -17174.2900000,
 13544,           0.9935440,      -17173.1540000,
 13545,           0.9935450,      -17171.9640000,
 13546,           0.9935460,      -17170.7630000,
 13547,           0.9935470,      -17169.5800000,
 13548,           0.9935480,      -17168.4700000,
 13549,           0.9935490,      -17167.2710000,
 13550,           0.9935500,      -17166.0800000,
 13551,           0.9935510,      -17164.8940000,
 13552,           0.9935520,      -17163.6910000,
 13553,           0.9935530,      -17162.6300000,
 13554,           0.9935540,      -17161.4310000,
 13555,           0.9935550,      -17160.2140000,
 13556,           0.9935560,      -17159.0330000,
 13557,           0.9935570,      -17157.9310000,
 13558,           0.9935580,      -17156.7200000,
 13559,           0.9935590,      -17155.5410000,
 13560,           0.9935600,      -17154.3330000,
 13561,           0.9935610,      -17153.1620000,
 13562,           0.9935620,      -17152.0600000,
 13563,           0.9935630,      -17150.8500000,
 13564,           0.9935640,      -17149.6800000,
 13565,           0.9935650,      -17148.4800000,
 13566,           0.9935660,      -17147.3410000,
 13567,           0.9935670,      -17146.1910000,
 13568,           0.9935680,      -17144.9800000,
 13569,           0.9935690,      -17143.7810000,
 13570,           0.9935700,      -17142.6000000,
 13571,           0.9935710,      -17141.5030000,
 13572,           0.9935720,      -17140.3000000,
 13573,           0.9935730,      -17139.1200000,
 13574,           0.9935740,      -17137.9040000,
 13575,           0.9935750,      -17136.7730000,
 13576,           0.9935760,      -17135.6200000,
 13577,           0.9935770,      -17134.4020000,
 13578,           0.9935780,      -17133.2300000,
 13579,           0.9935790,      -17132.1110000,
 13580,           0.9935800,      -17130.9600000,
 13581,           0.9935810,      -17129.7510000,
 13582,           0.9935820,      -17128.5440000,
 13583,           0.9935830,      -17127.3330000,
 13584,           0.9935840,      -17126.2200000,
 13585,           0.9935850,      -17125.0540000,
 13586,           0.9935860,      -17123.8430000,
 13587,           0.9935870,      -17122.6700000,
 13588,           0.9935880,      -17121.5500000,
 13589,           0.9935890,      -17120.3200000,
 13590,           0.9935900,      -17119.1600000,
 13591,           0.9935910,      -17117.9740000,
 13592,           0.9935920,      -17116.7600000,
 13593,           0.9935930,      -17115.6600000,
 13594,           0.9935940,      -17114.4940000,
 13595,           0.9935950,      -17113.2900000,
 13596,           0.9935960,      -17112.0800000,
 13597,           0.9935970,      -17110.9410000,
 13598,           0.9935980,      -17109.7340000,
 13599,           0.9935990,      -17108.6000000,
 13600,           0.9936000,      -17107.3940000,
 13601,           0.9936010,      -17106.1900000,
 13602,           0.9936020,      -17105.0400000,
 13603,           0.9936030,      -17103.8400000,
 13604,           0.9936040,      -17102.6800000,
 13605,           0.9936050,      -17101.4900000,
 13606,           0.9936060,      -17100.3600000,
 13607,           0.9936070,      -17099.1500000,
 13608,           0.9936080,      -17098.0200000,
 13609,           0.9936090,      -17096.7830000,
 13610,           0.9936100,      -17095.6000000,
 13611,           0.9936110,      -17094.4600000,
 13612,           0.9936120,      -17093.2700000,
 13613,           0.9936130,      -17092.1030000,
 13614,           0.9936140,      -17090.9040000,
 13615,           0.9936150,      -17089.7710000,
 13616,           0.9936160,      -17088.5440000,
 13617,           0.9936170,      -17087.3600000,
 13618,           0.9936180,      -17086.1730000,
 13619,           0.9936190,      -17084.9600000,
 13620,           0.9936200,      -17083.8410000,
 13621,           0.9936210,      -17082.6300000,
 13622,           0.9936220,      -17081.4500000,
 13623,           0.9936230,      -17080.2440000,
 13624,           0.9936240,      -17079.1210000,
 13625,           0.9936250,      -17077.9120000,
 13626,           0.9936260,      -17076.7100000,
 13627,           0.9936270,      -17075.5200000,
 13628,           0.9936280,      -17074.3220000,
 13629,           0.9936290,      -17073.1800000,
 13630,           0.9936300,      -17071.9620000,
 13631,           0.9936310,      -17070.7500000,
 13632,           0.9936320,      -17069.6010000,
 13633,           0.9936330,      -17068.4600000,
 13634,           0.9936340,      -17057.9200000,
 13635,           0.9936350,      -17056.6930000,
 13636,           0.9936360,      -17055.5310000,
 13637,           0.9936370,      -17054.3140000,
 13638,           0.9936380,      -17053.1800000,
 13639,           0.9936390,      -17051.9820000,
 13640,           0.9936400,      -17050.7630000,
 13641,           0.9936410,      -17049.6110000,
 13642,           0.9936420,      -17048.4510000,
 13643,           0.9936430,      -17047.2420000,
 13644,           0.9936440,      -17046.0400000,
 13645,           0.9936450,      -17044.8100000,
 13646,           0.9936460,      -17043.6400000,
 13647,           0.9936470,      -17042.5100000,
 13648,           0.9936480,      -17041.2900000,
 13649,           0.9936490,      -17040.0700000,
 13650,           0.9936500,      -17038.9100000,
 13651,           0.9936510,      -17037.7800000,
 13652,           0.9936520,      -17036.5600000,
 13653,           0.9936530,      -17035.3530000,
 13654,           0.9936540,      -17034.1520000,
 13655,           0.9936550,      -17032.9300000,
 13656,           0.9936560,      -17031.8100000,
 13657,           0.9936570,      -17030.6100000,
 13658,           0.9936580,      -17029.3940000,
 13659,           0.9936590,      -17018.8600000,
 13660,           0.9936600,      -17017.7600000,
 13661,           0.9936610,      -17016.5300000,
 13662,           0.9936620,      -17015.3000000,
 13663,           0.9936630,      -17014.0900000,
 13664,           0.9936640,      -17012.8900000,
 13665,           0.9936650,      -17011.7800000,
 13666,           0.9936660,      -17010.5800000,
 13667,           0.9936670,      -17009.3330000,
 13668,           0.9936680,      -17008.1300000,
 13669,           0.9936690,      -17007.0200000,
 13670,           0.9936700,      -17005.7910000,
 13671,           0.9936710,      -17004.5740000,
 13672,           0.9936720,      -17003.3600000,
 13673,           0.9936730,      -17002.1500000,
 13674,           0.9936740,      -17001.0230000,
 13675,           0.9936750,      -16999.8100000,
 13676,           0.9936760,      -16998.5900000,
 13677,           0.9936770,      -16997.3630000,
 13678,           0.9936780,      -16996.2240000,
 13679,           0.9936790,      -16995.0310000,
 13680,           0.9936800,      -16993.8000000,
 13681,           0.9936810,      -16992.5900000,
 13682,           0.9936820,      -16991.3700000,
 13683,           0.9936830,      -16990.2630000,
 13684,           0.9936840,      -16989.0440000,
 13685,           0.9936850,      -16987.8240000,
 13686,           0.9936860,      -16986.5900000,
 13687,           0.9936870,      -16985.4400000,
 13688,           0.9936880,      -16984.2610000,
 13689,           0.9936890,      -16983.0410000,
 13690,           0.9936900,      -16981.8330000,
 13691,           0.9936910,      -16980.6000000,
 13692,           0.9936920,      -16979.4400000,
 13693,           0.9936930,      -16978.2700000,
 13694,           0.9936940,      -16977.0400000,
 13695,           0.9936950,      -16975.8200000,
 13696,           0.9936960,      -16974.6700000,
 13697,           0.9936970,      -16973.4600000,
 13698,           0.9936980,      -16972.2630000,
 13699,           0.9936990,      -16971.0210000,
 13700,           0.9937000,      -16969.8020000,
 13701,           0.9937010,      -16968.6640000,
 13702,           0.9937020,      -16967.4820000,
 13703,           0.9937030,      -16966.2510000,
 13704,           0.9937040,      -16965.0400000,
 13705,           0.9937050,      -16963.8700000,
 13706,           0.9937060,      -16962.6440000,
 13707,           0.9937070,      -16961.4400000,
 13708,           0.9937080,      -16960.2240000,
 13709,           0.9937090,      -16958.9900000,
 13710,           0.9937100,      -16957.8320000,
 13711,           0.9937110,      -16956.5930000,
 13712,           0.9937120,      -16955.4140000,
 13713,           0.9937130,      -16954.1900000,
 13714,           0.9937140,      -16953.0300000,
 13715,           0.9937150,      -16951.8100000,
 13716,           0.9937160,      -16950.5600000,
 13717,           0.9937170,      -16941.0110000,
 13718,           0.9937180,      -16939.7730000,
 13719,           0.9937190,      -16938.6210000,
 13720,           0.9937200,      -16937.3900000,
 13721,           0.9937210,      -16936.2000000,
 13722,           0.9937220,      -16934.9800000,
 13723,           0.9937230,      -16933.7940000,
 13724,           0.9937240,      -16932.5620000,
 13725,           0.9937250,      -16931.3400000,
 13726,           0.9937260,      -16930.1620000,
 13727,           0.9937270,      -16928.9300000,
 13728,           0.9937280,      -16927.7600000,
 13729,           0.9937290,      -16926.5310000,
 13730,           0.9937300,      -16925.3100000,
 13731,           0.9937310,      -16914.6100000,
 13732,           0.9937320,      -16913.4700000,
 13733,           0.9937330,      -16912.2510000,
 13734,           0.9937340,      -16911.0000000,
 13735,           0.9937350,      -16909.7530000,
 13736,           0.9937360,      -16899.0000000,
 13737,           0.9937370,      -16897.8600000,
 13738,           0.9937380,      -16896.6230000,
 13739,           0.9937390,      -16895.3740000,
 13740,           0.9937400,      -16894.1900000,
 13741,           0.9937410,      -16893.0200000,
 13742,           0.9937420,      -16891.7730000,
 13743,           0.9937430,      -16890.5500000,
 13744,           0.9937440,      -16889.3200000,
 13745,           0.9937450,      -16888.1230000,
 13746,           0.9937460,      -16886.9500000,
 13747,           0.9937470,      -16885.6830000,
 13748,           0.9937480,      -16884.4500000,
 13749,           0.9937490,      -16883.2010000,
 13750,           0.9937500,      -16882.0620000,
 13751,           0.9937510,      -16871.3330000,
 13752,           0.9937520,      -16870.1000000,
 13753,           0.9937530,      -16868.8430000,
 13754,           0.9937540,      -16867.5830000,
 13755,           0.9937550,      -16866.4510000,
 13756,           0.9937560,      -16865.2400000,
 13757,           0.9937570,      -16863.9900000,
 13758,           0.9937580,      -16862.7340000,
 13759,           0.9937590,      -16861.5820000,
 13760,           0.9937600,      -16860.3600000,
 13761,           0.9937610,      -16859.1010000,
 13762,           0.9937620,      -16857.8510000,
 13763,           0.9937630,      -16856.6200000,
 13764,           0.9937640,      -16855.5030000,
 13765,           0.9937650,      -16854.2320000,
 13766,           0.9937660,      -16852.9920000,
 13767,           0.9937670,      -16851.7440000,
 13768,           0.9937680,      -16850.5800000,
 13769,           0.9937690,      -16849.3800000,
 13770,           0.9937700,      -16848.1210000,
 13771,           0.9937710,      -16846.8800000,
 13772,           0.9937720,      -16845.7100000,
 13773,           0.9937730,      -16844.4500000,
 13774,           0.9937740,      -16843.2500000,
 13775,           0.9937750,      -16842.0030000,
 13776,           0.9937760,      -16840.7600000,
 13777,           0.9937770,      -16839.5600000,
 13778,           0.9937780,      -16838.3120000,
 13779,           0.9937790,      -16837.1100000,
 13780,           0.9937800,      -16835.8700000,
 13781,           0.9937810,      -16834.7000000,
 13782,           0.9937820,      -16833.4100000,
 13783,           0.9937830,      -16832.2000000,
 13784,           0.9937840,      -16830.9700000,
 13785,           0.9937850,      -16829.7100000,
 13786,           0.9937860,      -16828.5330000,
 13787,           0.9937870,      -16827.2830000,
 13788,           0.9937880,      -16826.0600000,
 13789,           0.9937890,      -16824.8000000,
 13790,           0.9937900,      -16823.6400000,
 13791,           0.9937910,      -16822.3800000,
 13792,           0.9937920,      -16821.1300000,
 13793,           0.9937930,      -16819.9230000,
 13794,           0.9937940,      -16818.6440000,
 13795,           0.9937950,      -16817.4740000,
 13796,           0.9937960,      -16816.2440000,
 13797,           0.9937970,      -16814.9720000,
 13798,           0.9937980,      -16813.7800000,
 13799,           0.9937990,      -16812.5700000,
 13800,           0.9938000,      -16811.3500000,
 13801,           0.9938010,      -16810.0800000,
 13802,           0.9938020,      -16808.8800000,
 13803,           0.9938030,      -16807.6210000,
 13804,           0.9938040,      -16806.4600000,
 13805,           0.9938050,      -16805.1800000,
 13806,           0.9938060,      -16803.9400000,
 13807,           0.9938070,      -16802.7220000,
 13808,           0.9938080,      -16801.5410000,
 13809,           0.9938090,      -16800.3000000,
 13810,           0.9938100,      -16799.0410000,
 13811,           0.9938110,      -16797.7710000,
 13812,           0.9938120,      -16796.5600000,
 13813,           0.9938130,      -16795.4000000,
 13814,           0.9938140,      -16794.1500000,
 13815,           0.9938150,      -16792.8800000,
 13816,           0.9938160,      -16791.6420000,
 13817,           0.9938170,      -16790.4800000,
 13818,           0.9938180,      -16789.2500000,
 13819,           0.9938190,      -16787.9840000,
 13820,           0.9938200,      -16786.7200000,
 13821,           0.9938210,      -16785.4900000,
 13822,           0.9938220,      -16774.9620000,
 13823,           0.9938230,      -16773.7140000,
 13824,           0.9938240,      -16772.4700000,
 13825,           0.9938250,      -16771.2200000,
 13826,           0.9938260,      -16770.0400000,
 13827,           0.9938270,      -16768.8200000,
 13828,           0.9938280,      -16767.5500000,
 13829,           0.9938290,      -16766.3200000,
 13830,           0.9938300,      -16765.0520000,
 13831,           0.9938310,      -16763.9200000,
 13832,           0.9938320,      -16762.6730000,
 13833,           0.9938330,      -16761.3940000,
 13834,           0.9938340,      -16760.1400000,
 13835,           0.9938350,      -16758.9820000,
 13836,           0.9938360,      -16757.7800000,
 13837,           0.9938370,      -16756.5300000,
 13838,           0.9938380,      -16755.2600000,
 13839,           0.9938390,      -16754.0000000,
 13840,           0.9938400,      -16752.8200000,
 13841,           0.9938410,      -16751.6030000,
 13842,           0.9938420,      -16750.3600000,
 13843,           0.9938430,      -16749.1000000,
 13844,           0.9938440,      -16747.8800000,
 13845,           0.9938450,      -16746.6400000,
 13846,           0.9938460,      -16745.4200000,
 13847,           0.9938470,      -16744.1520000,
 13848,           0.9938480,      -16742.8900000,
 13849,           0.9938490,      -16741.7140000,
 13850,           0.9938500,      -16740.4500000,
 13851,           0.9938510,      -16739.2400000,
 13852,           0.9938520,      -16737.9700000,
 13853,           0.9938530,      -16736.7830000,
 13854,           0.9938540,      -16735.5400000,
 13855,           0.9938550,      -16734.2510000,
 13856,           0.9938560,      -16733.0310000,
 13857,           0.9938570,      -16731.7730000,
 13858,           0.9938580,      -16730.6100000,
 13859,           0.9938590,      -16729.3410000,
 13860,           0.9938600,      -16728.1320000,
 13861,           0.9938610,      -16726.8500000,
 13862,           0.9938620,      -16725.6800000,
 13863,           0.9938630,      -16724.4200000,
 13864,           0.9938640,      -16723.1600000,
 13865,           0.9938650,      -16721.9600000,
 13866,           0.9938660,      -16720.6730000,
 13867,           0.9938670,      -16719.4840000,
 13868,           0.9938680,      -16718.2340000,
 13869,           0.9938690,      -16716.9740000,
 13870,           0.9938700,      -16715.7600000,
 13871,           0.9938710,      -16714.5520000,
 13872,           0.9938720,      -16713.2810000,
 13873,           0.9938730,      -16712.0400000,
 13874,           0.9938740,      -16710.7940000,
 13875,           0.9938750,      -16700.0620000,
 13876,           0.9938760,      -16698.8700000,
 13877,           0.9938770,      -16697.5900000,
 13878,           0.9938780,      -16696.3410000,
 13879,           0.9938790,      -16695.1000000,
 13880,           0.9938800,      -16693.9500000,
 13881,           0.9938810,      -16692.6900000,
 13882,           0.9938820,      -16691.4000000,
 13883,           0.9938830,      -16690.1500000,
 13884,           0.9938840,      -16688.8840000,
 13885,           0.9938850,      -16687.7630000,
 13886,           0.9938860,      -16686.4740000,
 13887,           0.9938870,      -16685.2300000,
 13888,           0.9938880,      -16683.9600000,
 13889,           0.9938890,      -16682.7700000,
 13890,           0.9938900,      -16681.5620000,
 13891,           0.9938910,      -16680.3000000,
 13892,           0.9938920,      -16679.0330000,
 13893,           0.9938930,      -16677.7700000,
 13894,           0.9938940,      -16676.6000000,
 13895,           0.9938950,      -16675.3700000,
 13896,           0.9938960,      -16674.1030000,
 13897,           0.9938970,      -16672.8500000,
 13898,           0.9938980,      -16671.6420000,
 13899,           0.9938990,      -16670.4300000,
 13900,           0.9939000,      -16669.1910000,
 13901,           0.9939010,      -16667.9100000,
 13902,           0.9939020,      -16666.6730000,
 13903,           0.9939030,      -16665.4700000,
 13904,           0.9939040,      -16664.2400000,
 13905,           0.9939050,      -16662.9940000,
 13906,           0.9939060,      -16653.0230000,
 13907,           0.9939070,      -16651.8330000,
 13908,           0.9939080,      -16650.5800000,
 13909,           0.9939090,      -16649.3300000,
 13910,           0.9939100,      -16648.0910000,
 13911,           0.9939110,      -16646.8120000,
 13912,           0.9939120,      -16645.6500000,
 13913,           0.9939130,      -16644.3900000,
 13914,           0.9939140,      -16643.1500000,
 13915,           0.9939150,      -16641.8820000,
 13916,           0.9939160,      -16631.3200000,
 13917,           0.9939170,      -16630.0620000,
 13918,           0.9939180,      -16628.8020000,
 13919,           0.9939190,      -16627.5540000,
 13920,           0.9939200,      -16626.2900000,
 13921,           0.9939210,      -16625.1200000,
 13922,           0.9939220,      -16623.8700000,
 13923,           0.9939230,      -16622.6200000,
 13924,           0.9939240,      -16621.3920000,
 13925,           0.9939250,      -16620.1900000,
 13926,           0.9939260,      -16618.9140000,
 13927,           0.9939270,      -16617.6700000,
 13928,           0.9939280,      -16616.4020000,
 13929,           0.9939290,      -16615.1830000,
 13930,           0.9939300,      -16613.9720000,
 13931,           0.9939310,      -16612.7300000,
 13932,           0.9939320,      -16611.4510000,
 13933,           0.9939330,      -16610.2140000,
 13934,           0.9939340,      -16609.0800000,
 13935,           0.9939350,      -16607.7900000,
 13936,           0.9939360,      -16606.5300000,
 13937,           0.9939370,      -16605.2610000,
 13938,           0.9939380,      -16604.0200000,
 13939,           0.9939390,      -16602.8600000,
 13940,           0.9939400,      -16601.5910000,
 13941,           0.9939410,      -16600.3300000,
 13942,           0.9939420,      -16599.0800000,
 13943,           0.9939430,      -16597.8840000,
 13944,           0.9939440,      -16596.6700000,
 13945,           0.9939450,      -16595.4100000,
 13946,           0.9939460,      -16594.1300000,
 13947,           0.9939470,      -16592.8840000,
 13948,           0.9939480,      -16591.7400000,
 13949,           0.9939490,      -16590.4700000,
 13950,           0.9939500,      -16589.1900000,
 13951,           0.9939510,      -16587.9300000,
 13952,           0.9939520,      -16586.7530000,
 13953,           0.9939530,      -16585.5440000,
 13954,           0.9939540,      -16584.2730000,
 13955,           0.9939550,      -16583.0200000,
 13956,           0.9939560,      -16581.7400000,
 13957,           0.9939570,      -16580.5400000,
 13958,           0.9939580,      -16579.3410000,
 13959,           0.9939590,      -16578.0820000,
 13960,           0.9939600,      -16664.8500000,
 13961,           0.9939610,      -16663.6400000,
 13962,           0.9939620,      -16662.3700000,
 13963,           0.9939630,      -16661.1420000,
 13964,           0.9939640,      -16659.9000000,
 13965,           0.9939650,      -16658.6500000,
 13966,           0.9939660,      -16657.4400000,
 13967,           0.9939670,      -16656.1730000,
 13968,           0.9939680,      -16654.9640000,
 13969,           0.9939690,      -16653.7000000,
 13970,           0.9939700,      -16652.5110000,
 13971,           0.9939710,      -16651.2400000,
 13972,           0.9939720,      -16649.9900000,
 13973,           0.9939730,      -16648.7600000,
 13974,           0.9939740,      -16647.5900000,
 13975,           0.9939750,      -16646.3100000,
 13976,           0.9939760,      -16645.0300000,
 13977,           0.9939770,      -16643.7700000,
 13978,           0.9939780,      -16642.5440000,
 13979,           0.9939790,      -16641.3610000,
 13980,           0.9939800,      -16728.1400000,
 13981,           0.9939810,      -16726.8500000,
 13982,           0.9939820,      -16725.5910000,
 13983,           0.9939830,      -16724.4300000,
 13984,           0.9939840,      -16723.1910000,
 13985,           0.9939850,      -16721.9300000,
 13986,           0.9939860,      -16720.6600000,
 13987,           0.9939870,      -16719.3820000,
 13988,           0.9939880,      -16718.2600000,
 13989,           0.9939890,      -16716.9800000,
 13990,           0.9939900,      -16803.7500000,
 13991,           0.9939910,      -16802.4700000,
 13992,           0.9939920,      -16801.2830000,
 13993,           0.9939930,      -16800.0800000,
 13994,           0.9939940,      -16798.8100000,
 13995,           0.9939950,      -16797.5330000,
 13996,           0.9939960,      -16796.2610000,
 13997,           0.9939970,      -16795.0720000,
 13998,           0.9939980,      -16793.8610000,
 13999,           0.9939990,      -16792.6110000,
 14000,           0.9940000,      -16791.3430000,
 14001,           0.9940010,      -16790.1440000,
 14002,           0.9940020,      -16788.8600000,
 14003,           0.9940030,      -16787.6440000,
 14004,           0.9940040,      -16786.3800000,
 14005,           0.9940050,      -16785.1200000,
 14006,           0.9940060,      -16783.9200000,
 14007,           0.9940070,      -16782.6600000,
 14008,           0.9940080,      -16781.4330000,
 14009,           0.9940090,      -16780.2000000,
 14010,           0.9940100,      -16779.0000000,
 14011,           0.9940110,      -16777.7200000,
 14012,           0.9940120,      -16776.4430000,
 14013,           0.9940130,      -16775.2300000,
 14014,           0.9940140,      -16773.9700000,
 14015,           0.9940150,      -16772.7610000,
 14016,           0.9940160,      -16771.5000000,
 14017,           0.9940170,      -16770.2500000,
 14018,           0.9940180,      -16769.0200000,
 14019,           0.9940190,      -16767.8300000,
 14020,           0.9940200,      -16766.5420000,
 14021,           0.9940210,      -16765.3000000,
 14022,           0.9940220,      -16764.0210000,
 14023,           0.9940230,      -16762.8200000,
 14024,           0.9940240,      -16761.6100000,
 14025,           0.9940250,      -16760.3320000,
 14026,           0.9940260,      -16759.0720000,
 14027,           0.9940270,      -16757.8000000,
 14028,           0.9940280,      -16756.6500000,
 14029,           0.9940290,      -16755.3900000,
 14030,           0.9940300,      -16754.1240000,
 14031,           0.9940310,      -16752.8600000,
 14032,           0.9940320,      -16751.5830000,
 14033,           0.9940330,      -16750.4500000,
 14034,           0.9940340,      -16749.1620000,
 14035,           0.9940350,      -16747.8900000,
 14036,           0.9940360,      -16746.6340000,
 14037,           0.9940370,      -16745.4500000,
 14038,           0.9940380,      -16744.2100000,
 14039,           0.9940390,      -16742.9600000,
 14040,           0.9940400,      -16741.6600000,
 14041,           0.9940410,      -16740.4120000,
 14042,           0.9940420,      -16739.2240000,
 14043,           0.9940430,      -16738.0000000,
 14044,           0.9940440,      -16736.7100000,
 14045,           0.9940450,      -16735.4400000,
 14046,           0.9940460,      -16734.2600000,
 14047,           0.9940470,      -16724.5700000,
 14048,           0.9940480,      -16723.3500000,
 14049,           0.9940490,      -16722.0900000,
 14050,           0.9940500,      -16711.2320000,
 14051,           0.9940510,      -16710.0300000,
 14052,           0.9940520,      -16708.7630000,
 14053,           0.9940530,      -16707.5400000,
 14054,           0.9940540,      -16706.2500000,
 14055,           0.9940550,      -16705.0500000,
 14056,           0.9940560,      -16703.7800000,
 14057,           0.9940570,      -16702.5100000,
 14058,           0.9940580,      -16701.2810000,
 14059,           0.9940590,      -16699.9920000,
 14060,           0.9940600,      -16698.8040000,
 14061,           0.9940610,      -16697.5300000,
 14062,           0.9940620,      -16696.2400000,
 14063,           0.9940630,      -16695.0100000,
 14064,           0.9940640,      -16693.7800000,
 14065,           0.9940650,      -16692.5100000,
 14066,           0.9940660,      -16691.2510000,
 14067,           0.9940670,      -16689.9620000,
 14068,           0.9940680,      -16688.7320000,
 14069,           0.9940690,      -16687.5110000,
 14070,           0.9940700,      -16686.2400000,
 14071,           0.9940710,      -16684.9510000,
 14072,           0.9940720,      -16683.6800000,
 14073,           0.9940730,      -16682.5110000,
 14074,           0.9940740,      -16681.2300000,
 14075,           0.9940750,      -16679.9500000,
 14076,           0.9940760,      -16678.6830000,
 14077,           0.9940770,      -16677.3900000,
 14078,           0.9940780,      -16676.2240000,
 14079,           0.9940790,      -16674.9600000,
 14080,           0.9940800,      -16673.6800000,
 14081,           0.9940810,      -16672.4020000,
 14082,           0.9940820,      -16671.2000000,
 14083,           0.9940830,      -16669.9500000,
 14084,           0.9940840,      -16668.6640000,
 14085,           0.9940850,      -16667.3730000,
 14086,           0.9940860,      -16666.1130000,
 14087,           0.9940870,      -16664.9100000,
 14088,           0.9940880,      -16663.6700000,
 14089,           0.9940890,      -16662.3920000,
 14090,           0.9940900,      -16661.1030000,
 14091,           0.9940910,      -16659.9120000,
 14092,           0.9940920,      -16658.6100000,
 14093,           0.9940930,      -16657.3800000,
 14094,           0.9940940,      -16656.1100000,
 14095,           0.9940950,      -16654.8300000,
 14096,           0.9940960,      -16653.6210000,
 14097,           0.9940970,      -16652.3400000,
 14098,           0.9940980,      -16651.1110000,
 14099,           0.9940990,      -16649.8300000,
 14100,           0.9941000,      -16648.6340000,
 14101,           0.9941010,      -16647.3330000,
 14102,           0.9941020,      -16646.0600000,
 14103,           0.9941030,      -16644.8320000,
 14104,           0.9941040,      -16643.5500000,
 14105,           0.9941050,      -16642.3600000,
 14106,           0.9941060,      -16641.0600000,
 14107,           0.9941070,      -16639.7810000,
 14108,           0.9941080,      -16638.5400000,
 14109,           0.9941090,      -16637.3410000,
 14110,           0.9941100,      -16636.0800000,
 14111,           0.9941110,      -16634.7800000,
 14112,           0.9941120,      -16721.5100000,
 14113,           0.9941130,      -16808.3300000,
 14114,           0.9941140,      -16807.1300000,
 14115,           0.9941150,      -16805.8300000,
 14116,           0.9941160,      -16804.5600000,
 14117,           0.9941170,      -16803.2810000,
 14118,           0.9941180,      -16802.1300000,
 14119,           0.9941190,      -16800.8430000,
 14120,           0.9941200,      -16799.5410000,
 14121,           0.9941210,      -16798.2900000,
 14122,           0.9941220,      -16797.0030000,
 14123,           0.9941230,      -16795.8410000,
 14124,           0.9941240,      -16794.5500000,
 14125,           0.9941250,      -16793.2700000,
 14126,           0.9941260,      -16791.9920000,
 14127,           0.9941270,      -16781.1300000,
 14128,           0.9941280,      -16779.8900000,
 14129,           0.9941290,      -16778.5800000,
 14130,           0.9941300,      -16777.3100000,
 14131,           0.9941310,      -16776.0330000,
 14132,           0.9941320,      -16774.8300000,
 14133,           0.9941330,      -16773.5410000,
 14134,           0.9941340,      -16772.3020000,
 14135,           0.9941350,      -16771.0300000,
 14136,           0.9941360,      -16769.8300000,
 14137,           0.9941370,      -16768.5500000,
 14138,           0.9941380,      -16767.2600000,
 14139,           0.9941390,      -16766.0200000,
 14140,           0.9941400,      -16764.7340000,
 14141,           0.9941410,      -16763.5600000,
 14142,           0.9941420,      -16762.2700000,
 14143,           0.9941430,      -16760.9820000,
 14144,           0.9941440,      -16759.7320000,
 14145,           0.9941450,      -16758.5410000,
 14146,           0.9941460,      -16757.2700000,
 14147,           0.9941470,      -16755.9620000,
 14148,           0.9941480,      -16754.7000000,
 14149,           0.9941490,      -16753.4640000,
 14150,           0.9941500,      -16752.2530000,
 14151,           0.9941510,      -16750.9820000,
 14152,           0.9941520,      -16749.6910000,
 14153,           0.9941530,      -16748.4200000,
 14154,           0.9941540,      -16747.2400000,
 14155,           0.9941550,      -16745.9740000,
 14156,           0.9941560,      -16744.6700000,
 14157,           0.9941570,      -16743.4040000,
 14158,           0.9941580,      -16742.1300000,
 14159,           0.9941590,      -16740.9620000,
 14160,           0.9941600,      -16739.6900000,
 14161,           0.9941610,      -16738.3900000,
 14162,           0.9941620,      -16737.1230000,
 14163,           0.9941630,      -16735.9100000,
 14164,           0.9941640,      -16734.6900000,
 14165,           0.9941650,      -16733.3900000,
 14166,           0.9941660,      -16732.1000000,
 14167,           0.9941670,      -16730.8940000,
 14168,           0.9941680,      -16729.6240000,
 14169,           0.9941690,      -16728.3940000,
 14170,           0.9941700,      -16727.1010000,
 14171,           0.9941710,      -16725.8200000,
 14172,           0.9941720,      -16724.6200000,
 14173,           0.9941730,      -16723.3430000,
 14174,           0.9941740,      -16722.0830000,
 14175,           0.9941750,      -16720.8300000,
 14176,           0.9941760,      -16719.6110000,
 14177,           0.9941770,      -16718.3400000,
 14178,           0.9941780,      -16717.0600000,
 14179,           0.9941790,      -16715.8100000,
 14180,           0.9941800,      -16714.5310000,
 14181,           0.9941810,      -16713.3300000,
 14182,           0.9941820,      -16712.0500000,
 14183,           0.9941830,      -16710.7500000,
 14184,           0.9941840,      -16709.4700000,
 14185,           0.9941850,      -16708.3140000,
 14186,           0.9941860,      -16707.0230000,
 14187,           0.9941870,      -16705.7500000,
 14188,           0.9941880,      -16704.4500000,
 14189,           0.9941890,      -16703.1800000,
 14190,           0.9941900,      -16702.0300000,
 14191,           0.9941910,      -16700.7510000,
 14192,           0.9941920,      -16699.4500000,
 14193,           0.9941930,      -16698.1900000,
 14194,           0.9941940,      -16696.9740000,
 14195,           0.9941950,      -16695.7400000,
 14196,           0.9941960,      -16694.4530000,
 14197,           0.9941970,      -16693.1800000,
 14198,           0.9941980,      -16779.9200000,
 14199,           0.9941990,      -16778.7200000,
 14200,           0.9942000,      -16777.4820000,
 14201,           0.9942010,      -16776.1710000,
 14202,           0.9942020,      -16774.9100000,
 14203,           0.9942030,      -16773.7100000,
 14204,           0.9942040,      -16772.4410000,
 14205,           0.9942050,      -16771.1900000,
 14206,           0.9942060,      -16769.9040000,
 14207,           0.9942070,      -16768.6200000,
 14208,           0.9942080,      -16767.4100000,
 14209,           0.9942090,      -16766.1200000,
 14210,           0.9942100,      -16764.8740000,
 14211,           0.9942110,      -16763.6000000,
 14212,           0.9942120,      -16762.4000000,
 14213,           0.9942130,      -16761.1200000,
 14214,           0.9942140,      -16759.8220000,
 14215,           0.9942150,      -16758.5800000,
 14216,           0.9942160,      -16757.3200000,
 14217,           0.9942170,      -16844.1300000,
 14218,           0.9942180,      -16842.8300000,
 14219,           0.9942190,      -16841.5620000,
 14220,           0.9942200,      -16840.3300000,
 14221,           0.9942210,      -16839.1200000,
 14222,           0.9942220,      -16837.8140000,
 14223,           0.9942230,      -16836.5400000,
 14224,           0.9942240,      -16835.2710000,
 14225,           0.9942250,      -16833.9640000,
 14226,           0.9942260,      -16832.8240000,
 14227,           0.9942270,      -16831.5110000,
 14228,           0.9942280,      -16830.2500000,
 14229,           0.9942290,      -16828.9700000,
 14230,           0.9942300,      -16827.7710000,
 14231,           0.9942310,      -16826.5100000,
 14232,           0.9942320,      -16825.2200000,
 14233,           0.9942330,      -16823.9600000,
 14234,           0.9942340,      -16822.6710000,
 14235,           0.9942350,      -16821.4530000,
 14236,           0.9942360,      -16908.2440000,
 14237,           0.9942370,      -16906.9700000,
 14238,           0.9942380,      -16905.7010000,
 14239,           0.9942390,      -16904.5010000,
 14240,           0.9942400,      -16903.1800000,
 14241,           0.9942410,      -16901.9600000,
 14242,           0.9942420,      -16900.6730000,
 14243,           0.9942430,      -16899.4040000,
 14244,           0.9942440,      -16898.1800000,
 14245,           0.9942450,      -16896.8920000,
 14246,           0.9942460,      -16895.6440000,
 14247,           0.9942470,      -16894.3630000,
 14248,           0.9942480,      -16893.1400000,
 14249,           0.9942490,      -16891.8600000,
 14250,           0.9942500,      -16890.5800000,
 14251,           0.9942510,      -16889.3040000,
 14252,           0.9942520,      -16888.0400000,
 14253,           0.9942530,      -16886.8600000,
 14254,           0.9942540,      -16885.5700000,
 14255,           0.9942550,      -16884.2900000,
 14256,           0.9942560,      -16883.0100000,
 14257,           0.9942570,      -16881.8300000,
 14258,           0.9942580,      -16880.5500000,
 14259,           0.9942590,      -16879.2600000,
 14260,           0.9942600,      -16877.9800000,
 14261,           0.9942610,      -16876.6700000,
 14262,           0.9942620,      -16875.5130000,
 14263,           0.9942630,      -16874.2340000,
 14264,           0.9942640,      -16872.9500000,
 14265,           0.9942650,      -16871.6700000,
 14266,           0.9942660,      -16870.4600000,
 14267,           0.9942670,      -16869.2030000,
 14268,           0.9942680,      -16867.9200000,
 14269,           0.9942690,      -16866.6300000,
 14270,           0.9942700,      -16865.3510000,
 14271,           0.9942710,      -16864.1500000,
 14272,           0.9942720,      -16862.9100000,
 14273,           0.9942730,      -16861.6400000,
 14274,           0.9942740,      -16860.3220000,
 14275,           0.9942750,      -16859.1210000,
 14276,           0.9942760,      -16857.8300000,
 14277,           0.9942770,      -16856.6100000,
 14278,           0.9942780,      -16855.2900000,
 14279,           0.9942790,      -16854.0130000,
 14280,           0.9942800,      -16852.8200000,
 14281,           0.9942810,      -16851.5400000,
 14282,           0.9942820,      -16850.2300000,
 14283,           0.9942830,      -16848.9900000,
 14284,           0.9942840,      -16847.7830000,
 14285,           0.9942850,      -16846.5000000,
 14286,           0.9942860,      -16845.1930000,
 14287,           0.9942870,      -16843.9100000,
 14288,           0.9942880,      -16842.6700000,
 14289,           0.9942890,      -16841.4600000,
 14290,           0.9942900,      -16840.1520000,
 14291,           0.9942910,      -16838.8800000,
 14292,           0.9942920,      -16837.6000000,
 14293,           0.9942930,      -16836.4230000,
 14294,           0.9942940,      -16835.1340000,
 14295,           0.9942950,      -16833.8400000,
 14296,           0.9942960,      -16832.5540000,
 14297,           0.9942970,      -16831.2800000,
 14298,           0.9942980,      -16830.1100000,
 14299,           0.9942990,      -16828.8000000,
 14300,           0.9943000,      -16827.5130000,
 14301,           0.9943010,      -16826.2500000,
 14302,           0.9943020,      -16815.5540000,
 14303,           0.9943030,      -16804.5900000,
 14304,           0.9943040,      -16803.3600000,
 14305,           0.9943050,      -16802.0620000,
 14306,           0.9943060,      -16800.7800000,
 14307,           0.9943070,      -16799.5330000,
 14308,           0.9943080,      -16798.2500000,
 14309,           0.9943090,      -16796.9900000,
 14310,           0.9943100,      -16795.7000000,
 14311,           0.9943110,      -16794.4700000,
 14312,           0.9943120,      -16793.1830000,
 14313,           0.9943130,      -16791.8900000,
 14314,           0.9943140,      -16780.9800000,
 14315,           0.9943150,      -16770.9020000,
 14316,           0.9943160,      -16769.6900000,
 14317,           0.9943170,      -16768.3800000,
 14318,           0.9943180,      -16767.0930000,
 14319,           0.9943190,      -16765.8300000,
 14320,           0.9943200,      -16764.6230000,
 14321,           0.9943210,      -16763.3320000,
 14322,           0.9943220,      -16762.0410000,
 14323,           0.9943230,      -16760.7200000,
 14324,           0.9943240,      -16759.4430000,
 14325,           0.9943250,      -16758.2700000,
 14326,           0.9943260,      -16756.9600000,
 14327,           0.9943270,      -16755.6520000,
 14328,           0.9943280,      -16754.3600000,
 14329,           0.9943290,      -16753.1500000,
 14330,           0.9943300,      -16751.9020000,
 14331,           0.9943310,      -16750.5800000,
 14332,           0.9943320,      -16749.2910000,
 14333,           0.9943330,      -16748.0030000,
 14334,           0.9943340,      -16746.7800000,
 14335,           0.9943350,      -16745.5230000,
 14336,           0.9943360,      -16744.2300000,
 14337,           0.9943370,      -16742.9310000,
 14338,           0.9943380,      -16741.7120000,
 14339,           0.9943390,      -16740.4230000,
 14340,           0.9943400,      -16739.1300000,
 14341,           0.9943410,      -16737.8530000,
 14342,           0.9943420,      -16736.5640000,
 14343,           0.9943430,      -16735.3400000,
 14344,           0.9943440,      -16734.0230000,
 14345,           0.9943450,      -16732.7400000,
 14346,           0.9943460,      -16731.4900000,
 14347,           0.9943470,      -16730.2730000,
 14348,           0.9943480,      -16728.9400000,
 14349,           0.9943490,      -16727.6620000,
 14350,           0.9943500,      -16726.3700000,
 14351,           0.9943510,      -16725.1340000,
 14352,           0.9943520,      -16723.8900000,
 14353,           0.9943530,      -16722.5910000,
 14354,           0.9943540,      -16721.2920000,
 14355,           0.9943550,      -16719.9920000,
 14356,           0.9943560,      -16718.8140000,
 14357,           0.9943570,      -16717.5210000,
 14358,           0.9943580,      -16716.2100000,
 14359,           0.9943590,      -16714.9040000,
 14360,           0.9943600,      -16713.5800000,
 14361,           0.9943610,      -16712.4000000,
 14362,           0.9943620,      -16711.1100000,
 14363,           0.9943630,      -16709.8000000,
 14364,           0.9943640,      -16708.4740000,
 14365,           0.9943650,      -16707.2630000,
 14366,           0.9943660,      -16705.9700000,
 14367,           0.9943670,      -16704.7030000,
 14368,           0.9943680,      -16703.3800000,
 14369,           0.9943690,      -16702.1500000,
 14370,           0.9943700,      -16700.8600000,
 14371,           0.9943710,      -16699.5640000,
 14372,           0.9943720,      -16698.2900000,
 14373,           0.9943730,      -16696.9700000,
 14374,           0.9943740,      -16695.7500000,
 14375,           0.9943750,      -16694.4500000,
 14376,           0.9943760,      -16693.1300000,
 14377,           0.9943770,      -16691.8820000,
 14378,           0.9943780,      -16690.6500000,
 14379,           0.9943790,      -16689.3330000,
 14380,           0.9943800,      -16688.0200000,
 14381,           0.9943810,      -16686.7200000,
 14382,           0.9943820,      -16685.4020000,
 14383,           0.9943830,      -16684.2340000,
 14384,           0.9943840,      -16682.9120000,
 14385,           0.9943850,      -16681.6130000,
 14386,           0.9943860,      -16680.3200000,
 14387,           0.9943870,      -16679.1000000,
 14388,           0.9943880,      -16677.8020000,
 14389,           0.9943890,      -16676.5000000,
 14390,           0.9943900,      -16675.2100000,
 14391,           0.9943910,      -16673.8920000,
 14392,           0.9943920,      -16672.6600000,
 14393,           0.9943930,      -16671.4100000,
 14394,           0.9943940,      -16670.1000000,
 14395,           0.9943950,      -16668.7900000,
 14396,           0.9943960,      -16667.5410000,
 14397,           0.9943970,      -16666.2400000,
 14398,           0.9943980,      -16664.9330000,
 14399,           0.9943990,      -16663.6620000,
 14400,           0.9944000,      -16662.3530000,
 14401,           0.9944010,      -16661.1230000,
 14402,           0.9944020,      -16659.8320000,
 14403,           0.9944030,      -16658.5010000,
 14404,           0.9944040,      -16649.6400000,
 14405,           0.9944050,      -16648.4000000,
 14406,           0.9944060,      -16647.1030000,
 14407,           0.9944070,      -16645.7700000,
 14408,           0.9944080,      -16644.4700000,
 14409,           0.9944090,      -16643.2120000,
 14410,           0.9944100,      -16641.9800000,
 14411,           0.9944110,      -16640.6600000,
 14412,           0.9944120,      -16630.9100000,
 14413,           0.9944130,      -16629.6200000,
 14414,           0.9944140,      -16628.3740000,
 14415,           0.9944150,      -16627.0930000,
 14416,           0.9944160,      -16625.7920000,
 14417,           0.9944170,      -16624.5030000,
 14418,           0.9944180,      -16623.2100000,
 14419,           0.9944190,      -16612.2400000,
 14420,           0.9944200,      -16610.9800000,
 14421,           0.9944210,      -16609.6830000,
 14422,           0.9944220,      -16608.3610000,
 14423,           0.9944230,      -16607.1100000,
 14424,           0.9944240,      -16605.8120000,
 14425,           0.9944250,      -16604.5410000,
 14426,           0.9944260,      -16603.2400000,
 14427,           0.9944270,      -16601.9120000,
 14428,           0.9944280,      -16600.6910000,
 14429,           0.9944290,      -16599.3700000,
 14430,           0.9944300,      -16598.0800000,
 14431,           0.9944310,      -16596.8000000,
 14432,           0.9944320,      -16595.5740000,
 14433,           0.9944330,      -16594.2610000,
 14434,           0.9944340,      -16592.9600000,
 14435,           0.9944350,      -16591.6320000,
 14436,           0.9944360,      -16590.3700000,
 14437,           0.9944370,      -16589.1440000,
 14438,           0.9944380,      -16587.8140000,
 14439,           0.9944390,      -16586.4920000,
 14440,           0.9944400,      -16585.1900000,
 14441,           0.9944410,      -16584.0030000,
 14442,           0.9944420,      -16582.6730000,
 14443,           0.9944430,      -16581.3610000,
 14444,           0.9944440,      -16580.0330000,
 14445,           0.9944450,      -16569.9400000,
 14446,           0.9944460,      -16568.6730000,
 14447,           0.9944470,      -16567.3840000,
 14448,           0.9944480,      -16566.0820000,
 14449,           0.9944490,      -16564.7800000,
 14450,           0.9944500,      -16563.5100000,
 14451,           0.9944510,      -16562.2200000,
 14452,           0.9944520,      -16560.9530000,
 14453,           0.9944530,      -16559.6300000,
 14454,           0.9944540,      -16558.3000000,
 14455,           0.9944550,      -16557.0620000,
 14456,           0.9944560,      -16555.7500000,
 14457,           0.9944570,      -16554.4500000,
 14458,           0.9944580,      -16553.1500000,
 14459,           0.9944590,      -16551.9020000,
 14460,           0.9944600,      -16550.5900000,
 14461,           0.9944610,      -16549.2530000,
 14462,           0.9944620,      -16547.9500000,
 14463,           0.9944630,      -16546.6700000,
 14464,           0.9944640,      -16545.4400000,
 14465,           0.9944650,      -16544.1030000,
 14466,           0.9944660,      -16542.7900000,
 14467,           0.9944670,      -16541.4800000,
 14468,           0.9944680,      -16540.2800000,
 14469,           0.9944690,      -16538.9400000,
 14470,           0.9944700,      -16537.6300000,
 14471,           0.9944710,      -16536.3200000,
 14472,           0.9944720,      -16535.0100000,
 14473,           0.9944730,      -16533.7500000,
 14474,           0.9944740,      -16532.4740000,
 14475,           0.9944750,      -16521.3730000,
 14476,           0.9944760,      -16520.0600000,
 14477,           0.9944770,      -16518.7940000,
 14478,           0.9944780,      -16517.4800000,
 14479,           0.9944790,      -16516.2220000,
 14480,           0.9944800,      -16514.8700000,
 14481,           0.9944810,      -16513.5600000,
 14482,           0.9944820,      -16512.3330000,
 14483,           0.9944830,      -16511.0230000,
 14484,           0.9944840,      -16509.7220000,
 14485,           0.9944850,      -16508.4120000,
 14486,           0.9944860,      -16507.1600000,
 14487,           0.9944870,      -16505.8500000,
 14488,           0.9944880,      -16504.5110000,
 14489,           0.9944890,      -16503.1900000,
 14490,           0.9944900,      -16501.9200000,
 14491,           0.9944910,      -16500.6700000,
 14492,           0.9944920,      -16499.3530000,
 14493,           0.9944930,      -16498.0400000,
 14494,           0.9944940,      -16496.7400000,
 14495,           0.9944950,      -16495.5110000,
 14496,           0.9944960,      -16494.1830000,
 14497,           0.9944970,      -16492.8700000,
 14498,           0.9944980,      -16491.5600000,
 14499,           0.9944990,      -16490.2200000,
 14500,           0.9945000,      -16488.9900000,
 14501,           0.9945010,      -16487.7140000,
 14502,           0.9945020,      -16486.4120000,
 14503,           0.9945030,      -16485.0600000,
 14504,           0.9945040,      -16483.8100000,
 14505,           0.9945050,      -16482.4800000,
 14506,           0.9945060,      -16481.1930000,
 14507,           0.9945070,      -16479.8800000,
 14508,           0.9945080,      -16478.5500000,
 14509,           0.9945090,      -16477.3000000,
 14510,           0.9945100,      -16475.9700000,
 14511,           0.9945110,      -16474.6640000,
 14512,           0.9945120,      -16473.3410000,
 14513,           0.9945130,      -16472.1030000,
 14514,           0.9945140,      -16470.7700000,
 14515,           0.9945150,      -16469.4400000,
 14516,           0.9945160,      -16468.1200000,
 14517,           0.9945170,      -16466.8430000,
 14518,           0.9945180,      -16465.5720000,
 14519,           0.9945190,      -16464.2600000,
 14520,           0.9945200,      -16462.9310000,
 14521,           0.9945210,      -16461.5910000,
 14522,           0.9945220,      -16460.4000000,
 14523,           0.9945230,      -16459.0600000,
 14524,           0.9945240,      -16457.7400000,
 14525,           0.9945250,      -16456.4000000,
 14526,           0.9945260,      -16455.0700000,
 14527,           0.9945270,      -16453.8330000,
 14528,           0.9945280,      -16452.5520000,
 14529,           0.9945290,      -16451.2030000,
 14530,           0.9945300,      -16449.8700000,
 14531,           0.9945310,      -16448.6340000,
 14532,           0.9945320,      -16447.3000000,
 14533,           0.9945330,      -16446.0300000,
 14534,           0.9945340,      -16444.6800000,
 14535,           0.9945350,      -16443.3500000,
 14536,           0.9945360,      -16442.0800000,
 14537,           0.9945370,      -16440.7600000,
 14538,           0.9945380,      -16439.4500000,
 14539,           0.9945390,      -16438.1800000,
 14540,           0.9945400,      -16436.9100000,
 14541,           0.9945410,      -16435.5700000,
 14542,           0.9945420,      -16434.2600000,
 14543,           0.9945430,      -16432.8920000,
 14544,           0.9945440,      -16431.6210000,
 14545,           0.9945450,      -16430.3700000,
 14546,           0.9945460,      -16429.0400000,
 14547,           0.9945470,      -16427.6800000,
 14548,           0.9945480,      -16426.3530000,
 14549,           0.9945490,      -16425.1000000,
 14550,           0.9945500,      -16423.8300000,
 14551,           0.9945510,      -16422.4620000,
 14552,           0.9945520,      -16421.1300000,
 14553,           0.9945530,      -16419.8000000,
 14554,           0.9945540,      -16418.5420000,
 14555,           0.9945550,      -16417.2400000,
 14556,           0.9945560,      -16415.9120000,
 14557,           0.9945570,      -16414.5740000,
 14558,           0.9945580,      -16413.3100000,
 14559,           0.9945590,      -16411.9800000,
 14560,           0.9945600,      -16410.7000000,
 14561,           0.9945610,      -16409.3610000,
 14562,           0.9945620,      -16408.1030000,
 14563,           0.9945630,      -16406.7600000,
 14564,           0.9945640,      -16405.4300000,
 14565,           0.9945650,      -16404.0740000,
 14566,           0.9945660,      -16402.8000000,
 14567,           0.9945670,      -16401.5440000,
 14568,           0.9945680,      -16400.1900000,
 14569,           0.9945690,      -16398.8400000,
 14570,           0.9945700,      -16397.5230000,
 14571,           0.9945710,      -16396.3020000,
 14572,           0.9945720,      -16394.9740000,
 14573,           0.9945730,      -16393.6400000,
 14574,           0.9945740,      -16392.3020000,
 14575,           0.9945750,      -16390.9640000,
 14576,           0.9945760,      -16389.6930000,
 14577,           0.9945770,      -16388.4200000,
 14578,           0.9945780,      -16387.0910000,
 14579,           0.9945790,      -16385.7610000,
 14580,           0.9945800,      -16384.4920000,
 14581,           0.9945810,      -16383.1500000,
 14582,           0.9945820,      -16381.8600000,
 14583,           0.9945830,      -16380.5100000,
 14584,           0.9945840,      -16379.1810000,
 14585,           0.9945850,      -16377.9400000,
 14586,           0.9945860,      -16376.6000000,
 14587,           0.9945870,      -16375.2300000,
 14588,           0.9945880,      -16373.9600000,
 14589,           0.9945890,      -16372.7030000,
 14590,           0.9945900,      -16371.3540000,
 14591,           0.9945910,      -16370.0200000,
 14592,           0.9945920,      -16368.7010000,
 14593,           0.9945930,      -16357.6620000,
 14594,           0.9945940,      -16356.4000000,
 14595,           0.9945950,      -16355.0600000,
 14596,           0.9945960,      -16353.7410000,
 14597,           0.9945970,      -16352.4100000,
 14598,           0.9945980,      -16351.1210000,
 14599,           0.9945990,      -16349.8400000,
 14600,           0.9946000,      -16348.5000000,
 14601,           0.9946010,      -16347.1600000,
 14602,           0.9946020,      -16345.8300000,
 14603,           0.9946030,      -16344.5830000,
 14604,           0.9946040,      -16343.2500000,
 14605,           0.9946050,      -16341.9210000,
 14606,           0.9946060,      -16340.5910000,
 14607,           0.9946070,      -16339.3540000,
 14608,           0.9946080,      -16337.9910000,
 14609,           0.9946090,      -16336.6700000,
 14610,           0.9946100,      -16335.3820000,
 14611,           0.9946110,      -16334.0420000,
 14612,           0.9946120,      -16332.7720000,
 14613,           0.9946130,      -16331.4330000,
 14614,           0.9946140,      -16330.1100000,
 14615,           0.9946150,      -16328.7600000,
 14616,           0.9946160,      -16327.5400000,
 14617,           0.9946170,      -16326.2100000,
 14618,           0.9946180,      -16324.8700000,
 14619,           0.9946190,      -16323.5200000,
 14620,           0.9946200,      -16322.1900000,
 14621,           0.9946210,      -16320.9830000,
 14622,           0.9946220,      -16319.6400000,
 14623,           0.9946230,      -16318.3020000,
 14624,           0.9946240,      -16316.9800000,
 14625,           0.9946250,      -16315.7300000,
 14626,           0.9946260,      -16314.3700000,
 14627,           0.9946270,      -16313.0730000,
 14628,           0.9946280,      -16311.7400000,
 14629,           0.9946290,      -16310.3800000,
 14630,           0.9946300,      -16309.1300000,
 14631,           0.9946310,      -16307.8100000,
 14632,           0.9946320,      -16306.5200000,
 14633,           0.9946330,      -16305.1600000,
 14634,           0.9946340,      -16303.9100000,
 14635,           0.9946350,      -16302.5800000,
 14636,           0.9946360,      -16301.2200000,
 14637,           0.9946370,      -16299.9030000,
 14638,           0.9946380,      -16298.5800000,
 14639,           0.9946390,      -16297.3400000,
 14640,           0.9946400,      -16295.9900000,
 14641,           0.9946410,      -16294.6700000,
 14642,           0.9946420,      -16293.3400000,
 14643,           0.9946430,      -16292.1100000,
 14644,           0.9946440,      -16290.7730000,
 14645,           0.9946450,      -16289.4300000,
 14646,           0.9946460,      -16288.0900000,
 14647,           0.9946470,      -16286.7440000,
 14648,           0.9946480,      -16285.4840000,
 14649,           0.9946490,      -16284.1900000,
 14650,           0.9946500,      -16282.8510000,
 14651,           0.9946510,      -16281.5120000,
 14652,           0.9946520,      -16280.2600000,
 14653,           0.9946530,      -16278.9210000,
 14654,           0.9946540,      -16277.6100000,
 14655,           0.9946550,      -16276.2800000,
 14656,           0.9946560,      -16274.9400000,
 14657,           0.9946570,      -16273.6800000,
 14658,           0.9946580,      -16272.3530000,
 14659,           0.9946590,      -16271.0030000,
 14660,           0.9946600,      -16269.7200000,
 14661,           0.9946610,      -16268.4420000,
 14662,           0.9946620,      -16267.1000000,
 14663,           0.9946630,      -16265.7520000,
 14664,           0.9946640,      -16264.4040000,
 14665,           0.9946650,      -16263.0800000,
 14666,           0.9946660,      -16261.8700000,
 14667,           0.9946670,      -16260.5400000,
 14668,           0.9946680,      -16259.1800000,
 14669,           0.9946690,      -16257.8300000,
 14670,           0.9946700,      -16256.6000000,
 14671,           0.9946710,      -16255.2900000,
 14672,           0.9946720,      -16253.9500000,
 14673,           0.9946730,      -16252.6000000,
 14674,           0.9946740,      -16251.2800000,
 14675,           0.9946750,      -16249.9930000,
 14676,           0.9946760,      -16248.6530000,
 14677,           0.9946770,      -16247.3700000,
 14678,           0.9946780,      -16246.0100000,
 14679,           0.9946790,      -16244.7510000,
 14680,           0.9946800,      -16243.4200000,
 14681,           0.9946810,      -16242.0720000,
 14682,           0.9946820,      -16240.7920000,
 14683,           0.9946830,      -16239.4500000,
 14684,           0.9946840,      -16238.1900000,
 14685,           0.9946850,      -16236.8330000,
 14686,           0.9946860,      -16235.5040000,
 14687,           0.9946870,      -16224.3900000,
 14688,           0.9946880,      -16223.1420000,
 14689,           0.9946890,      -16221.8210000,
 14690,           0.9946900,      -16220.4900000,
 14691,           0.9946910,      -16219.1600000,
 14692,           0.9946920,      -16217.7920000,
 14693,           0.9946930,      -16216.5500000,
 14694,           0.9946940,      -16215.2400000,
 14695,           0.9946950,      -16213.8840000,
 14696,           0.9946960,      -16212.5510000,
 14697,           0.9946970,      -16211.3000000,
 14698,           0.9946980,      -16209.9210000,
 14699,           0.9946990,      -16208.6420000,
 14700,           0.9947000,      -16207.3100000,
 14701,           0.9947010,      -16205.9630000,
 14702,           0.9947020,      -16204.7000000,
 14703,           0.9947030,      -16203.3630000,
 14704,           0.9947040,      -16202.0310000,
 14705,           0.9947050,      -16200.7100000,
 14706,           0.9947060,      -16199.4400000,
 14707,           0.9947070,      -16198.1100000,
 14708,           0.9947080,      -16196.7730000,
 14709,           0.9947090,      -16195.4140000,
 14710,           0.9947100,      -16194.1140000,
 14711,           0.9947110,      -16192.8700000,
 14712,           0.9947120,      -16191.4910000,
 14713,           0.9947130,      -16190.1500000,
 14714,           0.9947140,      -16188.8130000,
 14715,           0.9947150,      -16187.5410000,
 14716,           0.9947160,      -16186.2600000,
 14717,           0.9947170,      -16184.9200000,
 14718,           0.9947180,      -16183.5800000,
 14719,           0.9947190,      -16182.2100000,
 14720,           0.9947200,      -16180.9500000,
 14721,           0.9947210,      -16179.6300000,
 14722,           0.9947220,      -16178.3030000,
 14723,           0.9947230,      -16176.9600000,
 14724,           0.9947240,      -16175.7040000,
 14725,           0.9947250,      -16165.8300000,
 14726,           0.9947260,      -16164.4900000,
 14727,           0.9947270,      -16163.1720000,
 14728,           0.9947280,      -16161.8400000,
 14729,           0.9947290,      -16160.5500000,
 14730,           0.9947300,      -16159.2140000,
 14731,           0.9947310,      -16157.8720000,
 14732,           0.9947320,      -16156.4900000,
 14733,           0.9947330,      -16155.2700000,
 14734,           0.9947340,      -16153.9400000,
 14735,           0.9947350,      -16152.5900000,
 14736,           0.9947360,      -16151.2120000,
 14737,           0.9947370,      -16149.8620000,
 14738,           0.9947380,      -16148.6100000,
 14739,           0.9947390,      -16147.2720000,
 14740,           0.9947400,      -16145.9300000,
 14741,           0.9947410,      -16144.6000000,
 14742,           0.9947420,      -16143.3140000,
 14743,           0.9947430,      -16141.9700000,
 14744,           0.9947440,      -16140.6330000,
 14745,           0.9947450,      -16139.3100000,
 14746,           0.9947460,      -16137.9400000,
 14747,           0.9947470,      -16136.6710000,
 14748,           0.9947480,      -16135.3300000,
 14749,           0.9947490,      -16124.3540000,
 14750,           0.9947500,      -16123.0510000,
 14751,           0.9947510,      -16121.7900000,
 14752,           0.9947520,      -16120.4140000,
 14753,           0.9947530,      -16119.0700000,
 14754,           0.9947540,      -16117.7100000,
 14755,           0.9947550,      -16116.3710000,
 14756,           0.9947560,      -16115.1200000,
 14757,           0.9947570,      -16113.7810000,
 14758,           0.9947580,      -16112.4200000,
 14759,           0.9947590,      -16111.0600000,
 14760,           0.9947600,      -16109.7840000,
 14761,           0.9947610,      -16108.4720000,
 14762,           0.9947620,      -16107.1000000,
 14763,           0.9947630,      -16105.7440000,
 14764,           0.9947640,      -16104.4600000,
 14765,           0.9947650,      -16103.0900000,
 14766,           0.9947660,      -16101.7400000,
 14767,           0.9947670,      -16100.4400000,
 14768,           0.9947680,      -16099.0800000,
 14769,           0.9947690,      -16097.7800000,
 14770,           0.9947700,      -16096.4200000,
 14771,           0.9947710,      -16095.0700000,
 14772,           0.9947720,      -16093.7000000,
 14773,           0.9947730,      -16092.4700000,
 14774,           0.9947740,      -16091.1300000,
 14775,           0.9947750,      -16089.7500000,
 14776,           0.9947760,      -16088.3830000,
 14777,           0.9947770,      -16087.0400000,
 14778,           0.9947780,      -16085.7700000,
 14779,           0.9947790,      -16084.4300000,
 14780,           0.9947800,      -16073.2420000,
 14781,           0.9947810,      -16071.8900000,
 14782,           0.9947820,      -16070.6030000,
 14783,           0.9947830,      -16069.2400000,
 14784,           0.9947840,      -16067.9330000,
 14785,           0.9947850,      -16066.5540000,
 14786,           0.9947860,      -16065.2000000,
 14787,           0.9947870,      -16063.9300000,
 14788,           0.9947880,      -16062.5600000,
 14789,           0.9947890,      -16061.2100000,
 14790,           0.9947900,      -16059.9020000,
 14791,           0.9947910,      -16058.6200000,
 14792,           0.9947920,      -16057.2500000,
 14793,           0.9947930,      -16055.8900000,
 14794,           0.9947940,      -16054.5500000,
 14795,           0.9947950,      -16053.1500000,
 14796,           0.9947960,      -16043.4200000,
 14797,           0.9947970,      -16042.0730000,
 14798,           0.9947980,      -16040.6900000,
 14799,           0.9947990,      -16039.3410000,
 14800,           0.9948000,      -16038.0600000,
 14801,           0.9948010,      -16036.7400000,
 14802,           0.9948020,      -16035.3600000,
 14803,           0.9948030,      -16034.0200000,
 14804,           0.9948040,      -16032.6610000,
 14805,           0.9948050,      -16031.3800000,
 14806,           0.9948060,      -16030.0200000,
 14807,           0.9948070,      -16028.7110000,
 14808,           0.9948080,      -16027.3300000,
 14809,           0.9948090,      -16026.0400000,
 14810,           0.9948100,      -16024.7000000,
 14811,           0.9948110,      -16023.3300000,
 14812,           0.9948120,      -16021.9800000,
 14813,           0.9948130,      -16020.6600000,
 14814,           0.9948140,      -16019.3600000,
 14815,           0.9948150,      -16018.0100000,
 14816,           0.9948160,      -16016.6440000,
 14817,           0.9948170,      -16015.3000000,
 14818,           0.9948180,      -16013.9900000,
 14819,           0.9948190,      -16012.7000000,
 14820,           0.9948200,      -16011.3210000,
 14821,           0.9948210,      -16009.9500000,
 14822,           0.9948220,      -16008.6100000,
 14823,           0.9948230,      -16007.3240000,
 14824,           0.9948240,      -16006.0000000,
 14825,           0.9948250,      -16004.6400000,
 14826,           0.9948260,      -16003.2900000,
 14827,           0.9948270,      -16001.9830000,
 14828,           0.9948280,      -16000.6400000,
 14829,           0.9948290,      -15999.2930000,
 14830,           0.9948300,      -15997.9710000,
 14831,           0.9948310,      -15996.5910000,
 14832,           0.9948320,      -15995.3230000,
 14833,           0.9948330,      -15993.9520000,
 14834,           0.9948340,      -15992.5700000,
 14835,           0.9948350,      -15991.2200000,
 14836,           0.9948360,      -15989.9900000,
 14837,           0.9948370,      -15988.5930000,
 14838,           0.9948380,      -15987.2300000,
 14839,           0.9948390,      -15985.8800000,
 14840,           0.9948400,      -15984.5000000,
 14841,           0.9948410,      -15983.2100000,
 14842,           0.9948420,      -15981.9000000,
 14843,           0.9948430,      -15980.5200000,
 14844,           0.9948440,      -15979.1520000,
 14845,           0.9948450,      -15977.8700000,
 14846,           0.9948460,      -15976.5200000,
 14847,           0.9948470,      -15975.1700000,
 14848,           0.9948480,      -15973.8100000,
 14849,           0.9948490,      -15972.4530000,
 14850,           0.9948500,      -15971.1520000,
 14851,           0.9948510,      -15969.7800000,
 14852,           0.9948520,      -15968.4130000,
 14853,           0.9948530,      -15957.2700000,
 14854,           0.9948540,      -15955.9830000,
 14855,           0.9948550,      -15954.6330000,
 14856,           0.9948560,      -15953.2600000,
 14857,           0.9948570,      -15951.8900000,
 14858,           0.9948580,      -15950.5210000,
 14859,           0.9948590,      -15949.2840000,
 14860,           0.9948600,      -15947.9130000,
 14861,           0.9948610,      -15946.5510000,
 14862,           0.9948620,      -15945.1800000,
 14863,           0.9948630,      -15943.8820000,
 14864,           0.9948640,      -15942.5200000,
 14865,           0.9948650,      -15941.2020000,
 14866,           0.9948660,      -15939.8320000,
 14867,           0.9948670,      -15938.4800000,
 14868,           0.9948680,      -15937.1910000,
 14869,           0.9948690,      -15926.0100000,
 14870,           0.9948700,      -15924.6500000,
 14871,           0.9948710,      -15923.3130000,
 14872,           0.9948720,      -15922.0310000,
 14873,           0.9948730,      -15920.6700000,
 14874,           0.9948740,      -15919.3200000,
 14875,           0.9948750,      -15917.9200000,
 14876,           0.9948760,      -15916.6110000,
 14877,           0.9948770,      -15915.3200000,
 14878,           0.9948780,      -15913.9500000,
 14879,           0.9948790,      -15912.5900000,
 14880,           0.9948800,      -15911.2140000,
 14881,           0.9948810,      -15909.9200000,
 14882,           0.9948820,      -15908.6200000,
 14883,           0.9948830,      -15907.2430000,
 14884,           0.9948840,      -15905.8720000,
 14885,           0.9948850,      -15904.4900000,
 14886,           0.9948860,      -15903.2200000,
 14887,           0.9948870,      -15901.8500000,
 14888,           0.9948880,      -15900.5000000,
 14889,           0.9948890,      -15899.1440000,
 14890,           0.9948900,      -15897.8800000,
 14891,           0.9948910,      -15896.4940000,
 14892,           0.9948920,      -15895.1330000,
 14893,           0.9948930,      -15893.7730000,
 14894,           0.9948940,      -15892.4200000,
 14895,           0.9948950,      -15891.1440000,
 14896,           0.9948960,      -15889.7900000,
 14897,           0.9948970,      -15888.4100000,
 14898,           0.9948980,      -15887.0540000,
 14899,           0.9948990,      -15885.7520000,
 14900,           0.9949000,      -15884.4210000,
 14901,           0.9949010,      -15883.0700000,
 14902,           0.9949020,      -15881.7010000,
 14903,           0.9949030,      -15880.3300000,
 14904,           0.9949040,      -15879.0400000,
 14905,           0.9949050,      -15877.6800000,
 14906,           0.9949060,      -15876.3400000,
 14907,           0.9949070,      -15874.9810000,
 14908,           0.9949080,      -15873.7000000,
 14909,           0.9949090,      -15872.3300000,
 14910,           0.9949100,      -15870.9600000,
 14911,           0.9949110,      -15869.6330000,
 14912,           0.9949120,      -15868.2700000,
 14913,           0.9949130,      -15866.9700000,
 14914,           0.9949140,      -15865.6200000,
 14915,           0.9949150,      -15864.2430000,
 14916,           0.9949160,      -15862.8700000,
 14917,           0.9949170,      -15861.6220000,
 14918,           0.9949180,      -15860.2630000,
 14919,           0.9949190,      -15858.8900000,
 14920,           0.9949200,      -15857.5400000,
 14921,           0.9949210,      -15856.1630000,
 14922,           0.9949220,      -15854.8700000,
 14923,           0.9949230,      -15853.5500000,
 14924,           0.9949240,      -15852.1820000,
 14925,           0.9949250,      -15850.8100000,
 14926,           0.9949260,      -15849.5200000,
 14927,           0.9949270,      -15848.1540000,
 14928,           0.9949280,      -15846.7800000,
 14929,           0.9949290,      -15845.4610000,
 14930,           0.9949300,      -15932.1320000,
 14931,           0.9949310,      -15930.8400000,
 14932,           0.9949320,      -15929.4600000,
 14933,           0.9949330,      -15928.1000000,
 14934,           0.9949340,      -15926.7200000,
 14935,           0.9949350,      -15925.4900000,
 14936,           0.9949360,      -15924.1300000,
 14937,           0.9949370,      -15922.7520000,
 14938,           0.9949380,      -15921.3800000,
 14939,           0.9949390,      -15920.0140000,
 14940,           0.9949400,      -15918.7300000,
 14941,           0.9949410,      -15917.4000000,
 14942,           0.9949420,      -15916.0500000,
 14943,           0.9949430,      -15914.6600000,
 14944,           0.9949440,      -15913.3800000,
 14945,           0.9949450,      -15912.0220000,
 14946,           0.9949460,      -15910.6600000,
 14947,           0.9949470,      -15909.3200000,
 14948,           0.9949480,      -15907.9600000,
 14949,           0.9949490,      -15906.6800000,
 14950,           0.9949500,      -15905.2930000,
 14951,           0.9949510,      -15903.9300000,
 14952,           0.9949520,      -15902.5840000,
 14953,           0.9949530,      -15901.3100000,
 14954,           0.9949540,      -15899.9600000,
 14955,           0.9949550,      -15898.5910000,
 14956,           0.9949560,      -15897.2100000,
 14957,           0.9949570,      -15895.9240000,
 14958,           0.9949580,      -15894.5600000,
 14959,           0.9949590,      -15893.2200000,
 14960,           0.9949600,      -15891.8700000,
 14961,           0.9949610,      -15890.5010000,
 14962,           0.9949620,      -15889.2040000,
 14963,           0.9949630,      -15887.8500000,
 14964,           0.9949640,      -15886.5300000,
 14965,           0.9949650,      -15885.1440000,
 14966,           0.9949660,      -15883.8700000,
 14967,           0.9949670,      -15882.5100000,
 14968,           0.9949680,      -15881.1200000,
 14969,           0.9949690,      -15879.7600000,
 14970,           0.9949700,      -15878.4340000,
 14971,           0.9949710,      -15877.1500000,
 14972,           0.9949720,      -15875.7730000,
 14973,           0.9949730,      -15874.4200000,
 14974,           0.9949740,      -15873.0400000,
 14975,           0.9949750,      -15871.7520000,
 14976,           0.9949760,      -15870.4300000,
 14977,           0.9949770,      -15869.0600000,
 14978,           0.9949780,      -15867.6810000,
 14979,           0.9949790,      -15866.3330000,
 14980,           0.9949800,      -15865.0200000,
 14981,           0.9949810,      -15863.6710000,
 14982,           0.9949820,      -15862.3530000,
 14983,           0.9949830,      -15851.2820000,
 14984,           0.9949840,      -15850.0200000,
 14985,           0.9949850,      -15848.6610000,
 14986,           0.9949860,      -15847.2610000,
 14987,           0.9949870,      -15845.9000000,
 14988,           0.9949880,      -15844.5810000,
 14989,           0.9949890,      -15843.2700000,
 14990,           0.9949900,      -15841.9300000,
 14991,           0.9949910,      -15840.5520000,
 14992,           0.9949920,      -15839.1700000,
 14993,           0.9949930,      -15837.8900000,
 14994,           0.9949940,      -15836.5720000,
 14995,           0.9949950,      -15835.1910000,
 14996,           0.9949960,      -15833.8300000,
 14997,           0.9949970,      -15832.4530000,
 14998,           0.9949980,      -15831.1620000,
 14999,           0.9949990,      -15829.7900000,
 15000,           0.9950000,      -15828.4710000,
 15001,           0.9950010,      -15827.1000000,
 15002,           0.9950020,      -15825.8140000,
 15003,           0.9950030,      -15824.4620000,
 15004,           0.9950040,      -15823.0710000,
 15005,           0.9950050,      -15821.6900000,
 15006,           0.9950060,      -15820.3900000,
 15007,           0.9950070,      -15819.0830000,
 15008,           0.9950080,      -15817.7210000,
 15009,           0.9950090,      -15816.3610000,
 15010,           0.9950100,      -15805.0620000,
 15011,           0.9950110,      -15803.7900000,
 15012,           0.9950120,      -15802.4600000,
 15013,           0.9950130,      -15801.0830000,
 15014,           0.9950140,      -15799.7300000,
 15015,           0.9950150,      -15798.3420000,
 15016,           0.9950160,      -15797.0400000,
 15017,           0.9950170,      -15795.6900000,
 15018,           0.9950180,      -15794.3730000,
 15019,           0.9950190,      -15792.9910000,
 15020,           0.9950200,      -15791.7100000,
 15021,           0.9950210,      -15790.3530000,
 15022,           0.9950220,      -15788.9500000,
 15023,           0.9950230,      -15787.5820000,
 15024,           0.9950240,      -15786.2800000,
 15025,           0.9950250,      -15784.9600000,
 15026,           0.9950260,      -15783.6000000,
 15027,           0.9950270,      -15782.2400000,
 15028,           0.9950280,      -15780.8440000,
 15029,           0.9950290,      -15779.5800000,
 15030,           0.9950300,      -15778.2500000,
 15031,           0.9950310,      -15776.8700000,
 15032,           0.9950320,      -15775.5100000,
 15033,           0.9950330,      -15774.1300000,
 15034,           0.9950340,      -15772.8300000,
 15035,           0.9950350,      -15771.4700000,
 15036,           0.9950360,      -15770.1420000,
 15037,           0.9950370,      -15768.7600000,
 15038,           0.9950380,      -15767.4800000,
 15039,           0.9950390,      -15766.1130000,
 15040,           0.9950400,      -15764.7300000,
 15041,           0.9950410,      -15763.3600000,
 15042,           0.9950420,      -15762.0500000,
 15043,           0.9950430,      -15760.7320000,
 15044,           0.9950440,      -15759.3600000,
 15045,           0.9950450,      -15758.0130000,
 15046,           0.9950460,      -15756.6100000,
 15047,           0.9950470,      -15755.3400000,
 15048,           0.9950480,      -15753.9830000,
 15049,           0.9950490,      -15752.6300000,
 15050,           0.9950500,      -15751.2730000,
 15051,           0.9950510,      -15749.8700000,
 15052,           0.9950520,      -15748.5830000,
 15053,           0.9950530,      -15747.2100000,
 15054,           0.9950540,      -15745.8800000,
 15055,           0.9950550,      -15744.5200000,
 15056,           0.9950560,      -15743.2400000,
 15057,           0.9950570,      -15741.8410000,
 15058,           0.9950580,      -15740.4600000,
 15059,           0.9950590,      -15739.1200000,
 15060,           0.9950600,      -15727.8930000,
 15061,           0.9950610,      -15726.6100000,
 15062,           0.9950620,      -15725.2300000,
 15063,           0.9950630,      -15723.8400000,
 15064,           0.9950640,      -15722.4630000,
 15065,           0.9950650,      -15721.1940000,
 15066,           0.9950660,      -15719.8500000,
 15067,           0.9950670,      -15718.5000000,
 15068,           0.9950680,      -15717.1100000,
 15069,           0.9950690,      -15715.7120000,
 15070,           0.9950700,      -15714.4330000,
 15071,           0.9950710,      -15713.0700000,
 15072,           0.9950720,      -15711.7310000,
 15073,           0.9950730,      -15710.3520000,
 15074,           0.9950740,      -15709.0800000,
 15075,           0.9950750,      -15707.6800000,
 15076,           0.9950760,      -15706.3010000,
 15077,           0.9950770,      -15704.9440000,
 15078,           0.9950780,      -15703.6000000,
 15079,           0.9950790,      -15702.3230000,
 15080,           0.9950800,      -15700.9400000,
 15081,           0.9950810,      -15699.5510000,
 15082,           0.9950820,      -15698.1900000,
 15083,           0.9950830,      -15696.8730000,
 15084,           0.9950840,      -15695.5430000,
 15085,           0.9950850,      -15694.1730000,
 15086,           0.9950860,      -15692.7900000,
 15087,           0.9950870,      -15691.4320000,
 15088,           0.9950880,      -15690.1400000,
 15089,           0.9950890,      -15688.7420000,
 15090,           0.9950900,      -15687.4130000,
 15091,           0.9950910,      -15686.0500000,
 15092,           0.9950920,      -15684.7240000,
 15093,           0.9950930,      -15683.3710000,
 15094,           0.9950940,      -15682.0010000,
 15095,           0.9950950,      -15680.6100000,
 15096,           0.9950960,      -15679.2810000,
 15097,           0.9950970,      -15677.9900000,
 15098,           0.9950980,      -15666.6640000,
 15099,           0.9950990,      -15665.2900000,
 15100,           0.9951000,      -15663.9140000,
 15101,           0.9951010,      -15662.5900000,
 15102,           0.9951020,      -15661.2700000,
 15103,           0.9951030,      -15659.9130000,
 15104,           0.9951040,      -15658.5000000,
 15105,           0.9951050,      -15657.1400000,
 15106,           0.9951060,      -15655.8400000,
 15107,           0.9951070,      -15654.4500000,
 15108,           0.9951080,      -15653.0800000,
 15109,           0.9951090,      -15651.7200000,
 15110,           0.9951100,      -15650.4500000,
 15111,           0.9951110,      -15649.0540000,
 15112,           0.9951120,      -15647.6730000,
 15113,           0.9951130,      -15646.2900000,
 15114,           0.9951140,      -15644.9200000,
 15115,           0.9951150,      -15643.6640000,
 15116,           0.9951160,      -15642.2930000,
 15117,           0.9951170,      -15640.9030000,
 15118,           0.9951180,      -15639.5100000,
 15119,           0.9951190,      -15638.2200000,
 15120,           0.9951200,      -15636.8220000,
 15121,           0.9951210,      -15635.4910000,
 15122,           0.9951220,      -15634.1200000,
 15123,           0.9951230,      -15632.7330000,
 15124,           0.9951240,      -15631.4240000,
 15125,           0.9951250,      -15630.0400000,
 15126,           0.9951260,      -15628.6700000,
 15127,           0.9951270,      -15627.3230000,
 15128,           0.9951280,      -15626.0300000,
 15129,           0.9951290,      -15624.6300000,
 15130,           0.9951300,      -15623.2500000,
 15131,           0.9951310,      -15621.8940000,
 15132,           0.9951320,      -15620.4700000,
 15133,           0.9951330,      -15619.2500000,
 15134,           0.9951340,      -15617.8540000,
 15135,           0.9951350,      -15616.4510000,
 15136,           0.9951360,      -15615.0800000,
 15137,           0.9951370,      -15613.7800000,
 15138,           0.9951380,      -15612.3800000,
 15139,           0.9951390,      -15602.5120000,
 15140,           0.9951400,      -15601.1200000,
 15141,           0.9951410,      -15599.7130000,
 15142,           0.9951420,      -15598.4400000,
 15143,           0.9951430,      -15597.0400000,
 15144,           0.9951440,      -15595.6600000,
 15145,           0.9951450,      -15594.3200000,
 15146,           0.9951460,      -15592.9900000,
 15147,           0.9951470,      -15591.6100000,
 15148,           0.9951480,      -15590.2400000,
 15149,           0.9951490,      -15588.8320000,
 15150,           0.9951500,      -15587.4600000,
 15151,           0.9951510,      -15586.1930000,
 15152,           0.9951520,      -15584.8000000,
 15153,           0.9951530,      -15583.4230000,
 15154,           0.9951540,      -15582.0300000,
 15155,           0.9951550,      -15580.7300000,
 15156,           0.9951560,      -15579.3310000,
 15157,           0.9951570,      -15577.9400000,
 15158,           0.9951580,      -15576.5740000,
 15159,           0.9951590,      -15575.2800000,
 15160,           0.9951600,      -15573.8800000,
 15161,           0.9951610,      -15572.4630000,
 15162,           0.9951620,      -15571.0830000,
 15163,           0.9951630,      -15569.6600000,
 15164,           0.9951640,      -15568.4100000,
 15165,           0.9951650,      -15567.0200000,
 15166,           0.9951660,      -15565.6100000,
 15167,           0.9951670,      -15564.2100000,
 15168,           0.9951680,      -15562.9200000,
 15169,           0.9951690,      -15561.4800000,
 15170,           0.9951700,      -15560.1300000,
 15171,           0.9951710,      -15558.7100000,
 15172,           0.9951720,      -15557.2900000,
 15173,           0.9951730,      -15555.9700000,
 15174,           0.9951740,      -15554.5620000,
 15175,           0.9951750,      -15553.1400000,
 15176,           0.9951760,      -15551.7900000,
 15177,           0.9951770,      -15550.4220000,
 15178,           0.9951780,      -15549.0240000,
 15179,           0.9951790,      -15547.6320000,
 15180,           0.9951800,      -15546.1810000,
 15181,           0.9951810,      -15544.7830000,
 15182,           0.9951820,      -15543.5100000,
 15183,           0.9951830,      -15532.2000000,
 15184,           0.9951840,      -15530.7910000,
 15185,           0.9951850,      -15529.3920000,
 15186,           0.9951860,      -15528.0330000,
 15187,           0.9951870,      -15526.6230000,
 15188,           0.9951880,      -15525.2810000,
 15189,           0.9951890,      -15523.8620000,
 15190,           0.9951900,      -15522.4340000,
 15191,           0.9951910,      -15521.1000000,
 15192,           0.9951920,      -15519.6900000,
 15193,           0.9951930,      -15508.2300000,
 15194,           0.9951940,      -15506.8100000,
 15195,           0.9951950,      -15505.5300000,
 15196,           0.9951960,      -15504.1240000,
 15197,           0.9951970,      -15502.6900000,
 15198,           0.9951980,      -15501.2810000,
 15199,           0.9951990,      -15499.8800000,
 15200,           0.9952000,      -15498.5300000,
 15201,           0.9952010,      -15497.1800000,
 15202,           0.9952020,      -15495.7700000,
 15203,           0.9952030,      -15484.3900000,
 15204,           0.9952040,      -15483.0620000,
 15205,           0.9952050,      -15481.6310000,
 15206,           0.9952060,      -15480.2300000,
 15207,           0.9952070,      -15478.8530000,
 15208,           0.9952080,      -15477.4300000,
 15209,           0.9952090,      -15476.1100000,
 15210,           0.9952100,      -15474.6930000,
 15211,           0.9952110,      -15473.2520000,
 15212,           0.9952120,      -15471.8730000,
 15213,           0.9952130,      -15470.5800000,
 15214,           0.9952140,      -15461.4500000,
 15215,           0.9952150,      -15460.0330000,
 15216,           0.9952160,      -15458.6100000,
 15217,           0.9952170,      -15457.2000000,
 15218,           0.9952180,      -15455.8620000,
 15219,           0.9952190,      -15454.4800000,
 15220,           0.9952200,      -15443.1730000,
 15221,           0.9952210,      -15441.7610000,
 15222,           0.9952220,      -15440.4200000,
 15223,           0.9952230,      -15439.0100000,
 15224,           0.9952240,      -15437.5900000,
 15225,           0.9952250,      -15436.1630000,
 15226,           0.9952260,      -15434.7900000,
 15227,           0.9952270,      -15433.4400000,
 15228,           0.9952280,      -15432.0230000,
 15229,           0.9952290,      -15430.6100000,
 15230,           0.9952300,      -15429.1700000,
 15231,           0.9952310,      -15427.8700000,
 15232,           0.9952320,      -15426.4900000,
 15233,           0.9952330,      -15425.0700000,
 15234,           0.9952340,      -15423.6410000,
 15235,           0.9952350,      -15422.2210000,
 15236,           0.9952360,      -15420.8710000,
 15237,           0.9952370,      -15419.4700000,
 15238,           0.9952380,      -15418.0700000,
 15239,           0.9952390,      -15416.6600000,
 15240,           0.9952400,      -15415.3330000,
 15241,           0.9952410,      -15413.8900000,
 15242,           0.9952420,      -15412.4620000,
 15243,           0.9952430,      -15411.0630000,
 15244,           0.9952440,      -15409.6700000,
 15245,           0.9952450,      -15408.3330000,
 15246,           0.9952460,      -15406.9030000,
 15247,           0.9952470,      -15405.4910000,
 15248,           0.9952480,      -15404.0800000,
 15249,           0.9952490,      -15490.7630000,
 15250,           0.9952500,      -15489.3400000,
 15251,           0.9952510,      -15487.9900000,
 15252,           0.9952520,      -15486.5430000,
 15253,           0.9952530,      -15485.1200000,
 15254,           0.9952540,      -15483.7920000,
 15255,           0.9952550,      -15482.3500000,
 15256,           0.9952560,      -15480.9400000,
 15257,           0.9952570,      -15479.5430000,
 15258,           0.9952580,      -15478.2020000,
 15259,           0.9952590,      -15476.7910000,
 15260,           0.9952600,      -15475.3400000,
 15261,           0.9952610,      -15473.9400000,
 15262,           0.9952620,      -15472.5200000,
 15263,           0.9952630,      -15471.2010000,
 15264,           0.9952640,      -15469.7810000,
 15265,           0.9952650,      -15468.3510000,
 15266,           0.9952660,      -15466.9030000,
 15267,           0.9952670,      -15465.5600000,
 15268,           0.9952680,      -15464.1100000,
 15269,           0.9952690,      -15462.6900000,
 15270,           0.9952700,      -15461.3000000,
 15271,           0.9952710,      -15459.8540000,
 15272,           0.9952720,      -15458.4900000,
 15273,           0.9952730,      -15457.0410000,
 15274,           0.9952740,      -15455.6000000,
 15275,           0.9952750,      -15454.1600000,
 15276,           0.9952760,      -15452.8520000,
 15277,           0.9952770,      -15451.4110000,
 15278,           0.9952780,      -15449.9840000,
 15279,           0.9952790,      -15448.5100000,
 15280,           0.9952800,      -15447.0900000,
 15281,           0.9952810,      -15445.7400000,
 15282,           0.9952820,      -15444.3400000,
 15283,           0.9952830,      -15442.9100000,
 15284,           0.9952840,      -15441.4400000,
 15285,           0.9952850,      -15440.0820000,
 15286,           0.9952860,      -15438.6600000,
 15287,           0.9952870,      -15437.1900000,
 15288,           0.9952880,      -15435.7700000,
 15289,           0.9952890,      -15434.3800000,
 15290,           0.9952900,      -15433.0200000,
 15291,           0.9952910,      -15431.5800000,
 15292,           0.9952920,      -15430.1500000,
 15293,           0.9952930,      -15428.6940000,
 15294,           0.9952940,      -15427.3320000,
 15295,           0.9952950,      -15425.9400000,
 15296,           0.9952960,      -15424.4700000,
 15297,           0.9952970,      -15423.0600000,
 15298,           0.9952980,      -15421.6000000,
 15299,           0.9952990,      -15420.2600000,
 15300,           0.9953000,      -15418.8310000,
 15301,           0.9953010,      -15417.4110000,
 15302,           0.9953020,      -15415.9610000,
 15303,           0.9953030,      -15414.6040000,
 15304,           0.9953040,      -15413.1510000,
 15305,           0.9953050,      -15411.7300000,
 15306,           0.9953060,      -15410.2810000,
 15307,           0.9953070,      -15408.8340000,
 15308,           0.9953080,      -15407.5300000,
 15309,           0.9953090,      -15406.0900000,
 15310,           0.9953100,      -15404.6440000,
 15311,           0.9953110,      -15403.1930000,
 15312,           0.9953120,      -15401.8330000,
 15313,           0.9953130,      -15400.3910000,
 15314,           0.9953140,      -15398.9810000,
 15315,           0.9953150,      -15397.5400000,
 15316,           0.9953160,      -15396.1120000,
 15317,           0.9953170,      -15394.7500000,
 15318,           0.9953180,      -15393.3100000,
 15319,           0.9953190,      -15391.8300000,
 15320,           0.9953200,      -15390.4600000,
 15321,           0.9953210,      -15389.0910000,
 15322,           0.9953220,      -15387.6400000,
 15323,           0.9953230,      -15386.1940000,
 15324,           0.9953240,      -15384.7600000,
 15325,           0.9953250,      -15383.3020000,
 15326,           0.9953260,      -15381.9520000,
 15327,           0.9953270,      -15380.5540000,
 15328,           0.9953280,      -15379.1000000,
 15329,           0.9953290,      -15377.6700000,
 15330,           0.9953300,      -15376.2940000,
 15331,           0.9953310,      -15374.8620000,
 15332,           0.9953320,      -15373.4210000,
 15333,           0.9953330,      -15372.0100000,
 15334,           0.9953340,      -15370.5430000,
 15335,           0.9953350,      -15369.1700000,
 15336,           0.9953360,      -15367.7500000,
 15337,           0.9953370,      -15366.3100000,
 15338,           0.9953380,      -15364.8610000,
 15339,           0.9953390,      -15363.5400000,
 15340,           0.9953400,      -15362.0830000,
 15341,           0.9953410,      -15360.6500000,
 15342,           0.9953420,      -15359.2100000,
 15343,           0.9953430,      -15357.7500000,
 15344,           0.9953440,      -15356.3900000,
 15345,           0.9953450,      -15354.9500000,
 15346,           0.9953460,      -15353.5240000,
 15347,           0.9953470,      -15352.0900000,
 15348,           0.9953480,      -15350.7240000,
 15349,           0.9953490,      -15349.2820000,
 15350,           0.9953500,      -15347.8400000,
 15351,           0.9953510,      -15346.3810000,
 15352,           0.9953520,      -15344.9800000,
 15353,           0.9953530,      -15343.6240000,
 15354,           0.9953540,      -15342.1600000,
 15355,           0.9953550,      -15340.7110000,
 15356,           0.9953560,      -15339.2610000,
 15357,           0.9953570,      -15337.9000000,
 15358,           0.9953580,      -15336.4640000,
 15359,           0.9953590,      -15335.0140000,
 15360,           0.9953600,      -15333.6000000,
 15361,           0.9953610,      -15332.2000000,
 15362,           0.9953620,      -15330.7500000,
 15363,           0.9953630,      -15329.3040000,
 15364,           0.9953640,      -15327.8230000,
 15365,           0.9953650,      -15326.4400000,
 15366,           0.9953660,      -15315.0510000,
 15367,           0.9953670,      -15313.5820000,
 15368,           0.9953680,      -15303.1600000,
 15369,           0.9953690,      -15301.6900000,
 15370,           0.9953700,      -15300.3300000,
 15371,           0.9953710,      -15298.9200000,
 15372,           0.9953720,      -15297.4600000,
 15373,           0.9953730,      -15296.0120000,
 15374,           0.9953740,      -15294.5610000,
 15375,           0.9953750,      -15293.1640000,
 15376,           0.9953760,      -15291.7300000,
 15377,           0.9953770,      -15290.2520000,
 15378,           0.9953780,      -15288.8400000,
 15379,           0.9953790,      -15287.5000000,
 15380,           0.9953800,      -15286.0000000,
 15381,           0.9953810,      -15284.5700000,
 15382,           0.9953820,      -15283.0830000,
 15383,           0.9953830,      -15281.6330000,
 15384,           0.9953840,      -15280.3000000,
 15385,           0.9953850,      -15278.8030000,
 15386,           0.9953860,      -15277.3500000,
 15387,           0.9953870,      -15275.8620000,
 15388,           0.9953880,      -15274.4700000,
 15389,           0.9953890,      -15273.0100000,
 15390,           0.9953900,      -15271.5410000,
 15391,           0.9953910,      -15270.1100000,
 15392,           0.9953920,      -15268.6300000,
 15393,           0.9953930,      -15267.2530000,
 15394,           0.9953940,      -15265.7600000,
 15395,           0.9953950,      -15264.2910000,
 15396,           0.9953960,      -15262.8200000,
 15397,           0.9953970,      -15261.5000000,
 15398,           0.9953980,      -15260.0100000,
 15399,           0.9953990,      -15258.5400000,
 15400,           0.9954000,      -15257.0800000,
 15401,           0.9954010,      -15255.5900000,
 15402,           0.9954020,      -15254.2230000,
 15403,           0.9954030,      -15252.7110000,
 15404,           0.9954040,      -15251.3020000,
 15405,           0.9954050,      -15249.8410000,
 15406,           0.9954060,      -15248.4410000,
 15407,           0.9954070,      -15246.9900000,
 15408,           0.9954080,      -15245.4900000,
 15409,           0.9954090,      -15244.0400000,
 15410,           0.9954100,      -15242.6200000,
 15411,           0.9954110,      -15241.2010000,
 15412,           0.9954120,      -15239.7430000,
 15413,           0.9954130,      -15238.2500000,
 15414,           0.9954140,      -15236.8000000,
 15415,           0.9954150,      -15235.4220000,
 15416,           0.9954160,      -15233.9230000,
 15417,           0.9954170,      -15232.5100000,
 15418,           0.9954180,      -15231.0500000,
 15419,           0.9954190,      -15229.5640000,
 15420,           0.9954200,      -15228.1820000,
 15421,           0.9954210,      -15226.7100000,
 15422,           0.9954220,      -15225.2400000,
 15423,           0.9954230,      -15223.8230000,
 15424,           0.9954240,      -15222.4200000,
 15425,           0.9954250,      -15220.9520000,
 15426,           0.9954260,      -15219.4800000,
 15427,           0.9954270,      -15218.0000000,
 15428,           0.9954280,      -15216.5500000,
 15429,           0.9954290,      -15215.1510000,
 15430,           0.9954300,      -15213.7300000,
 15431,           0.9954310,      -15212.2500000,
 15432,           0.9954320,      -15210.7730000,
 15433,           0.9954330,      -15209.4000000,
 15434,           0.9954340,      -15197.9500000,
 15435,           0.9954350,      -15196.4800000,
 15436,           0.9954360,      -15185.0000000,
 15437,           0.9954370,      -15183.5400000,
 15438,           0.9954380,      -15182.1500000,
 15439,           0.9954390,      -15180.6700000,
 15440,           0.9954400,      -15179.2040000,
 15441,           0.9954410,      -15177.7600000,
 15442,           0.9954420,      -15176.3330000,
 15443,           0.9954430,      -15174.9200000,
 15444,           0.9954440,      -15173.4320000,
 15445,           0.9954450,      -15171.9700000,
 15446,           0.9954460,      -15170.5100000,
 15447,           0.9954470,      -15169.1100000,
 15448,           0.9954480,      -15167.6300000,
 15449,           0.9954490,      -15166.2100000,
 15450,           0.9954500,      -15164.7410000,
 15451,           0.9954510,      -15163.3520000,
 15452,           0.9954520,      -15161.8740000,
 15453,           0.9954530,      -15160.4120000,
 15454,           0.9954540,      -15158.9200000,
 15455,           0.9954550,      -15157.4700000,
 15456,           0.9954560,      -15156.1300000,
 15457,           0.9954570,      -15154.6630000,
 15458,           0.9954580,      -15153.1900000,
 15459,           0.9954590,      -15151.7100000,
 15460,           0.9954600,      -15150.3400000,
 15461,           0.9954610,      -15148.8600000,
 15462,           0.9954620,      -15138.7820000,
 15463,           0.9954630,      -15225.3900000,
 15464,           0.9954640,      -15223.8910000,
 15465,           0.9954650,      -15222.5130000,
 15466,           0.9954660,      -15221.0510000,
 15467,           0.9954670,      -15219.5700000,
 15468,           0.9954680,      -15218.1100000,
 15469,           0.9954690,      -15216.7500000,
 15470,           0.9954700,      -15215.3000000,
 15471,           0.9954710,      -15213.8300000,
 15472,           0.9954720,      -15212.3530000,
 15473,           0.9954730,      -15210.8820000,
 15474,           0.9954740,      -15209.5020000,
 15475,           0.9954750,      -15208.0140000,
 15476,           0.9954760,      -15206.6100000,
 15477,           0.9954770,      -15205.1300000,
 15478,           0.9954780,      -15203.7500000,
 15479,           0.9954790,      -15202.2800000,
 15480,           0.9954800,      -15200.8000000,
 15481,           0.9954810,      -15199.3240000,
 15482,           0.9954820,      -15189.2700000,
 15483,           0.9954830,      -15187.9200000,
 15484,           0.9954840,      -15186.4420000,
 15485,           0.9954850,      -15184.9800000,
 15486,           0.9954860,      -15183.5100000,
 15487,           0.9954870,      -15182.1040000,
 15488,           0.9954880,      -15180.6310000,
 15489,           0.9954890,      -15179.2200000,
 15490,           0.9954900,      -15177.7300000,
 15491,           0.9954910,      -15176.2800000,
 15492,           0.9954920,      -15174.8700000,
 15493,           0.9954930,      -15173.4220000,
 15494,           0.9954940,      -15171.9500000,
 15495,           0.9954950,      -15170.5000000,
 15496,           0.9954960,      -15169.1400000,
 15497,           0.9954970,      -15167.6400000,
 15498,           0.9954980,      -15166.1940000,
 15499,           0.9954990,      -15164.7400000,
 15500,           0.9955000,      -15163.2400000,
 15501,           0.9955010,      -15161.8620000,
 15502,           0.9955020,      -15160.4400000,
 15503,           0.9955030,      -15158.9600000,
 15504,           0.9955040,      -15157.5100000,
 15505,           0.9955050,      -15156.1000000,
 15506,           0.9955060,      -15154.6400000,
 15507,           0.9955070,      -15153.1600000,
 15508,           0.9955080,      -15151.6910000,
 15509,           0.9955090,      -15150.2720000,
 15510,           0.9955100,      -15148.9000000,
 15511,           0.9955110,      -15147.4200000,
 15512,           0.9955120,      -15145.9500000,
 15513,           0.9955130,      -15144.4700000,
 15514,           0.9955140,      -15143.1030000,
 15515,           0.9955150,      -15141.6700000,
 15516,           0.9955160,      -15140.2030000,
 15517,           0.9955170,      -15138.7130000,
 15518,           0.9955180,      -15137.2500000,
 15519,           0.9955190,      -15135.8810000,
 15520,           0.9955200,      -15134.3810000,
 15521,           0.9955210,      -15132.9320000,
 15522,           0.9955220,      -15131.5000000,
 15523,           0.9955230,      -15130.1100000,
 15524,           0.9955240,      -15128.6700000,
 15525,           0.9955250,      -15127.1910000,
 15526,           0.9955260,      -15125.7400000,
 15527,           0.9955270,      -15124.2300000,
 15528,           0.9955280,      -15122.8500000,
 15529,           0.9955290,      -15111.3300000,
 15530,           0.9955300,      -15109.8700000,
 15531,           0.9955310,      -15108.4000000,
 15532,           0.9955320,      -15107.0110000,
 15533,           0.9955330,      -15105.5400000,
 15534,           0.9955340,      -15104.0700000,
 15535,           0.9955350,      -15102.6500000,
 15536,           0.9955360,      -15101.1800000,
 15537,           0.9955370,      -15099.7700000,
 15538,           0.9955380,      -15098.3300000,
 15539,           0.9955390,      -15086.6500000,
 15540,           0.9955400,      -15085.2000000,
 15541,           0.9955410,      -15083.8330000,
 15542,           0.9955420,      -15082.3900000,
 15543,           0.9955430,      -15080.9300000,
 15544,           0.9955440,      -15079.4340000,
 15545,           0.9955450,      -15077.9720000,
 15546,           0.9955460,      -15076.6030000,
 15547,           0.9955470,      -15075.1300000,
 15548,           0.9955480,      -15073.6500000,
 15549,           0.9955490,      -15072.2120000,
 15550,           0.9955500,      -15070.8400000,
 15551,           0.9955510,      -15069.3800000,
 15552,           0.9955520,      -15067.9200000,
 15553,           0.9955530,      -15066.4340000,
 15554,           0.9955540,      -15065.0500000,
 15555,           0.9955550,      -15063.6220000,
 15556,           0.9955560,      -15062.1710000,
 15557,           0.9955570,      -15060.6800000,
 15558,           0.9955580,      -15059.2310000,
 15559,           0.9955590,      -15057.8300000,
 15560,           0.9955600,      -15056.3730000,
 15561,           0.9955610,      -15054.9200000,
 15562,           0.9955620,      -15053.4630000,
 15563,           0.9955630,      -15052.1000000,
 15564,           0.9955640,      -15050.6100000,
 15565,           0.9955650,      -15049.1600000,
 15566,           0.9955660,      -15047.6620000,
 15567,           0.9955670,      -15046.2100000,
 15568,           0.9955680,      -15044.8300000,
 15569,           0.9955690,      -15043.3800000,
 15570,           0.9955700,      -15041.9300000,
 15571,           0.9955710,      -15040.4600000,
 15572,           0.9955720,      -15039.0820000,
 15573,           0.9955730,      -15037.6220000,
 15574,           0.9955740,      -15036.1300000,
 15575,           0.9955750,      -15034.6600000,
 15576,           0.9955760,      -15033.2320000,
 15577,           0.9955770,      -15031.8710000,
 15578,           0.9955780,      -15030.4100000,
 15579,           0.9955790,      -15028.9200000,
 15580,           0.9955800,      -15027.4700000,
 15581,           0.9955810,      -15026.0530000,
 15582,           0.9955820,      -15024.6500000,
 15583,           0.9955830,      -15023.1700000,
 15584,           0.9955840,      -15021.7000000,
 15585,           0.9955850,      -15020.2600000,
 15586,           0.9955860,      -15018.8600000,
 15587,           0.9955870,      -15017.3900000,
 15588,           0.9955880,      -15015.8910000,
 15589,           0.9955890,      -15014.5000000,
 15590,           0.9955900,      -15013.1140000,
 15591,           0.9955910,      -15011.6330000,
 15592,           0.9955920,      -15010.1700000,
 15593,           0.9955930,      -15008.6920000,
 15594,           0.9955940,      -15007.2120000,
 15595,           0.9955950,      -15005.8700000,
 15596,           0.9955960,      -15004.4200000,
 15597,           0.9955970,      -15002.9630000,
 15598,           0.9955980,      -15001.4830000,
 15599,           0.9955990,      -15000.1110000,
 15600,           0.9956000,      -14998.6200000,
 15601,           0.9956010,      -14997.1800000,
 15602,           0.9956020,      -14995.7020000,
 15603,           0.9956030,      -14994.2600000,
 15604,           0.9956040,      -14992.8900000,
 15605,           0.9956050,      -14991.4110000,
 15606,           0.9956060,      -14989.9640000,
 15607,           0.9956070,      -14988.5000000,
 15608,           0.9956080,      -14987.0800000,
 15609,           0.9956090,      -14985.6700000,
 15610,           0.9956100,      -14984.1920000,
 15611,           0.9956110,      -14982.7620000,
 15612,           0.9956120,      -14981.2900000,
 15613,           0.9956130,      -14979.8840000,
 15614,           0.9956140,      -14978.4310000,
 15615,           0.9956150,      -14976.9500000,
 15616,           0.9956160,      -14975.5430000,
 15617,           0.9956170,      -14974.1410000,
 15618,           0.9956180,      -14972.6900000,
 15619,           0.9956190,      -14971.2300000,
 15620,           0.9956200,      -14960.7510000,
 15621,           0.9956210,      -14959.2730000,
 15622,           0.9956220,      -14957.8900000,
 15623,           0.9956230,      -14956.4740000,
 15624,           0.9956240,      -14955.0220000,
 15625,           0.9956250,      -14953.5230000,
 15626,           0.9956260,      -14952.1600000,
 15627,           0.9956270,      -14940.6420000,
 15628,           0.9956280,      -14939.1800000,
 15629,           0.9956290,      -14937.6800000,
 15630,           0.9956300,      -14936.2810000,
 15631,           0.9956310,      -14934.9200000,
 15632,           0.9956320,      -14933.4430000,
 15633,           0.9956330,      -14931.9620000,
 15634,           0.9956340,      -14921.4800000,
 15635,           0.9956350,      -14920.1100000,
 15636,           0.9956360,      -14918.6500000,
 15637,           0.9956370,      -14917.2200000,
 15638,           0.9956380,      -14905.7110000,
 15639,           0.9956390,      -14884.0700000,
 15640,           0.9956400,      -14882.6900000,
 15641,           0.9956410,      -14881.2020000,
 15642,           0.9956420,      -14879.7620000,
 15643,           0.9956430,      -14878.3300000,
 15644,           0.9956440,      -14876.9600000,
 15645,           0.9956450,      -14875.4810000,
 15646,           0.9956460,      -14874.0000000,
 15647,           0.9956470,      -14872.5510000,
 15648,           0.9956480,      -14871.0820000,
 15649,           0.9956490,      -14869.6900000,
 15650,           0.9956500,      -14868.2740000,
 15651,           0.9956510,      -14866.8000000,
 15652,           0.9956520,      -14865.3320000,
 15653,           0.9956530,      -14863.9300000,
 15654,           0.9956540,      -14862.4800000,
 15655,           0.9956550,      -14861.0200000,
 15656,           0.9956560,      -14859.5410000,
 15657,           0.9956570,      -14858.1230000,
 15658,           0.9956580,      -14856.7400000,
 15659,           0.9956590,      -14855.2600000,
 15660,           0.9956600,      -14853.7630000,
 15661,           0.9956610,      -14852.3200000,
 15662,           0.9956620,      -14850.9600000,
 15663,           0.9956630,      -14849.4720000,
 15664,           0.9956640,      -14848.0500000,
 15665,           0.9956650,      -14846.5710000,
 15666,           0.9956660,      -14845.1300000,
 15667,           0.9956670,      -14843.7220000,
 15668,           0.9956680,      -14842.2700000,
 15669,           0.9956690,      -14840.8030000,
 15670,           0.9956700,      -14839.3200000,
 15671,           0.9956710,      -14837.9900000,
 15672,           0.9956720,      -14836.5210000,
 15673,           0.9956730,      -14835.0600000,
 15674,           0.9956740,      -14833.5900000,
 15675,           0.9956750,      -14832.1140000,
 15676,           0.9956760,      -14830.7500000,
 15677,           0.9956770,      -14829.2540000,
 15678,           0.9956780,      -14827.8420000,
 15679,           0.9956790,      -14826.3630000,
 15680,           0.9956800,      -14825.0000000,
 15681,           0.9956810,      -14823.5400000,
 15682,           0.9956820,      -14822.0400000,
 15683,           0.9956830,      -14820.5830000,
 15684,           0.9956840,      -14819.1200000,
 15685,           0.9956850,      -14905.8130000,
 15686,           0.9956860,      -14904.3420000,
 15687,           0.9956870,      -14902.8820000,
 15688,           0.9956880,      -14892.4100000,
 15689,           0.9956890,      -14891.0020000,
 15690,           0.9956900,      -14889.5500000,
 15691,           0.9956910,      -14888.0740000,
 15692,           0.9956920,      -14886.6630000,
 15693,           0.9956930,      -14885.1700000,
 15694,           0.9956940,      -14883.8100000,
 15695,           0.9956950,      -14882.3400000,
 15696,           0.9956960,      -14880.8600000,
 15697,           0.9956970,      -14879.4000000,
 15698,           0.9956980,      -14878.0030000,
 15699,           0.9956990,      -14876.6000000,
 15700,           0.9957000,      -14875.1200000,
 15701,           0.9957010,      -14873.6600000,
 15702,           0.9957020,      -14872.1900000,
 15703,           0.9957030,      -14870.8000000,
 15704,           0.9957040,      -14869.3500000,
 15705,           0.9957050,      -14867.9300000,
 15706,           0.9957060,      -14866.4600000,
 15707,           0.9957070,      -14865.0600000,
 15708,           0.9957080,      -14863.6000000,
 15709,           0.9957090,      -14862.1500000,
 15710,           0.9957100,      -14860.6710000,
 15711,           0.9957110,      -14859.2100000,
 15712,           0.9957120,      -14857.8600000,
 15713,           0.9957130,      -14856.4100000,
 15714,           0.9957140,      -14854.9500000,
 15715,           0.9957150,      -14853.4400000,
 15716,           0.9957160,      -14852.0810000,
 15717,           0.9957170,      -14850.6000000,
 15718,           0.9957180,      -14849.1400000,
 15719,           0.9957190,      -14847.7130000,
 15720,           0.9957200,      -14846.2500000,
 15721,           0.9957210,      -14844.8600000,
 15722,           0.9957220,      -14843.3920000,
 15723,           0.9957230,      -14841.9500000,
 15724,           0.9957240,      -14840.4800000,
 15725,           0.9957250,      -14839.0920000,
 15726,           0.9957260,      -14837.6740000,
 15727,           0.9957270,      -14836.2100000,
 15728,           0.9957280,      -14834.7230000,
 15729,           0.9957290,      -14833.2800000,
 15730,           0.9957300,      -14831.8900000,
 15731,           0.9957310,      -14830.4020000,
 15732,           0.9957320,      -14828.9530000,
 15733,           0.9957330,      -14827.5400000,
 15734,           0.9957340,      -14826.1540000,
 15735,           0.9957350,      -14824.6700000,
 15736,           0.9957360,      -14823.2000000,
 15737,           0.9957370,      -14821.7620000,
 15738,           0.9957380,      -14820.2800000,
 15739,           0.9957390,      -14818.9020000,
 15740,           0.9957400,      -14817.4700000,
 15741,           0.9957410,      -14816.0230000,
 15742,           0.9957420,      -14814.5300000,
 15743,           0.9957430,      -14813.1540000,
 15744,           0.9957440,      -14811.6910000,
 15745,           0.9957450,      -14810.2400000,
 15746,           0.9957460,      -14808.7700000,
 15747,           0.9957470,      -14807.3300000,
 15748,           0.9957480,      -14805.9610000,
 15749,           0.9957490,      -14804.4900000,
 15750,           0.9957500,      -14803.0310000,
 15751,           0.9957510,      -14801.5800000,
 15752,           0.9957520,      -14800.1800000,
 15753,           0.9957530,      -14798.7400000,
 15754,           0.9957540,      -14797.3000000,
 15755,           0.9957550,      -14795.8320000,
 15756,           0.9957560,      -14794.4400000,
 15757,           0.9957570,      -14792.9710000,
 15758,           0.9957580,      -14791.5230000,
 15759,           0.9957590,      -14790.0410000,
 15760,           0.9957600,      -14788.5900000,
 15761,           0.9957610,      -14787.2320000,
 15762,           0.9957620,      -14785.8000000,
 15763,           0.9957630,      -14784.3100000,
 15764,           0.9957640,      -14782.8500000,
 15765,           0.9957650,      -14781.4500000,
 15766,           0.9957660,      -14780.0200000,
 15767,           0.9957670,      -14778.5430000,
 15768,           0.9957680,      -14777.1030000,
 15769,           0.9957690,      -14775.6520000,
 15770,           0.9957700,      -14774.2530000,
 15771,           0.9957710,      -14772.8120000,
 15772,           0.9957720,      -14771.3300000,
 15773,           0.9957730,      -14759.7300000,
 15774,           0.9957740,      -14758.3500000,
 15775,           0.9957750,      -14756.9400000,
 15776,           0.9957760,      -14755.4700000,
 15777,           0.9957770,      -14753.9740000,
 15778,           0.9957780,      -14752.5140000,
 15779,           0.9957790,      -14742.5020000,
 15780,           0.9957800,      -14829.0800000,
 15781,           0.9957810,      -14827.6230000,
 15782,           0.9957820,      -14826.1910000,
 15783,           0.9957830,      -14824.8120000,
 15784,           0.9957840,      -14823.3300000,
 15785,           0.9957850,      -14821.8900000,
 15786,           0.9957860,      -14820.4100000,
 15787,           0.9957870,      -14818.9340000,
 15788,           0.9957880,      -14817.5700000,
 15789,           0.9957890,      -14816.1000000,
 15790,           0.9957900,      -14814.6800000,
 15791,           0.9957910,      -14813.2030000,
 15792,           0.9957920,      -14811.8130000,
 15793,           0.9957930,      -14810.3600000,
 15794,           0.9957940,      -14808.9100000,
 15795,           0.9957950,      -14807.4100000,
 15796,           0.9957960,      -14805.9600000,
 15797,           0.9957970,      -14804.6140000,
 15798,           0.9957980,      -14803.1700000,
 15799,           0.9957990,      -14801.7000000,
 15800,           0.9958000,      -14790.0730000,
 15801,           0.9958010,      -14788.7100000,
 15802,           0.9958020,      -14787.2340000,
 15803,           0.9958030,      -14785.7610000,
 15804,           0.9958040,      -14784.3240000,
 15805,           0.9958050,      -14782.8800000,
 15806,           0.9958060,      -14781.5000000,
 15807,           0.9958070,      -14780.0300000,
 15808,           0.9958080,      -14778.5800000,
 15809,           0.9958090,      -14777.0820000,
 15810,           0.9958100,      -14775.7120000,
 15811,           0.9958110,      -14774.2800000,
 15812,           0.9958120,      -14772.8400000,
 15813,           0.9958130,      -14771.3500000,
 15814,           0.9958140,      -14769.8800000,
 15815,           0.9958150,      -14768.5130000,
 15816,           0.9958160,      -14767.0420000,
 15817,           0.9958170,      -14765.5900000,
 15818,           0.9958180,      -14764.1510000,
 15819,           0.9958190,      -14762.7800000,
 15820,           0.9958200,      -14761.3000000,
 15821,           0.9958210,      -14759.8500000,
 15822,           0.9958220,      -14758.3700000,
 15823,           0.9958230,      -14756.9200000,
 15824,           0.9958240,      -14755.5400000,
 15825,           0.9958250,      -14754.1100000,
 15826,           0.9958260,      -14752.6500000,
 15827,           0.9958270,      -14751.1810000,
 15828,           0.9958280,      -14749.8200000,
 15829,           0.9958290,      -14748.3300000,
 15830,           0.9958300,      -14746.8700000,
 15831,           0.9958310,      -14745.3820000,
 15832,           0.9958320,      -14743.9900000,
 15833,           0.9958330,      -14742.6320000,
 15834,           0.9958340,      -14741.1400000,
 15835,           0.9958350,      -14739.6700000,
 15836,           0.9958360,      -14738.2000000,
 15837,           0.9958370,      -14736.8500000,
 15838,           0.9958380,      -14735.3610000,
 15839,           0.9958390,      -14733.9440000,
 15840,           0.9958400,      -14732.4630000,
 15841,           0.9958410,      -14731.0100000,
 15842,           0.9958420,      -14729.6500000,
 15843,           0.9958430,      -14728.1630000,
 15844,           0.9958440,      -14726.7100000,
 15845,           0.9958450,      -14725.2200000,
 15846,           0.9958460,      -14723.8410000,
 15847,           0.9958470,      -14722.4200000,
 15848,           0.9958480,      -14720.9600000,
 15849,           0.9958490,      -14719.4900000,
 15850,           0.9958500,      -14718.0400000,
 15851,           0.9958510,      -14716.6600000,
 15852,           0.9958520,      -14715.1730000,
 15853,           0.9958530,      -14713.7110000,
 15854,           0.9958540,      -14712.3000000,
 15855,           0.9958550,      -14710.9340000,
 15856,           0.9958560,      -14709.4400000,
 15857,           0.9958570,      -14707.9830000,
 15858,           0.9958580,      -14706.5130000,
 15859,           0.9958590,      -14705.0500000,
 15860,           0.9958600,      -14703.6740000,
 15861,           0.9958610,      -14702.2440000,
 15862,           0.9958620,      -14700.7930000,
 15863,           0.9958630,      -14699.3110000,
 15864,           0.9958640,      -14697.9300000,
 15865,           0.9958650,      -14696.4500000,
 15866,           0.9958660,      -14694.9940000,
 15867,           0.9958670,      -14693.5200000,
 15868,           0.9958680,      -14692.1130000,
 15869,           0.9958690,      -14690.7310000,
 15870,           0.9958700,      -14689.2720000,
 15871,           0.9958710,      -14687.8200000,
 15872,           0.9958720,      -14686.3320000,
 15873,           0.9958730,      -14684.9630000,
 15874,           0.9958740,      -14683.4830000,
 15875,           0.9958750,      -14682.0900000,
 15876,           0.9958760,      -14680.5900000,
 15877,           0.9958770,      -14679.1300000,
 15878,           0.9958780,      -14677.7400000,
 15879,           0.9958790,      -14676.3000000,
 15880,           0.9958800,      -14674.8320000,
 15881,           0.9958810,      -14673.3700000,
 15882,           0.9958820,      -14671.9900000,
 15883,           0.9958830,      -14670.5500000,
 15884,           0.9958840,      -14669.1000000,
 15885,           0.9958850,      -14667.6200000,
 15886,           0.9958860,      -14666.1700000,
 15887,           0.9958870,      -14664.7900000,
 15888,           0.9958880,      -14663.3140000,
 15889,           0.9958890,      -14661.8700000,
 15890,           0.9958900,      -14660.4200000,
 15891,           0.9958910,      -14659.0540000,
 15892,           0.9958920,      -14657.5640000,
 15893,           0.9958930,      -14656.1130000,
 15894,           0.9958940,      -14654.6300000,
 15895,           0.9958950,      -14653.1910000,
 15896,           0.9958960,      -14651.7900000,
 15897,           0.9958970,      -14650.3700000,
 15898,           0.9958980,      -14648.9000000,
 15899,           0.9958990,      -14647.4340000,
 15900,           0.9959000,      -14646.0830000,
 15901,           0.9959010,      -14644.6020000,
 15902,           0.9959020,      -14643.1340000,
 15903,           0.9959030,      -14641.6500000,
 15904,           0.9959040,      -14640.2410000,
 15905,           0.9959050,      -14638.8610000,
 15906,           0.9959060,      -14637.4100000,
 15907,           0.9959070,      -14635.9300000,
 15908,           0.9959080,      -14634.4640000,
 15909,           0.9959090,      -14633.0700000,
 15910,           0.9959100,      -14631.6040000,
 15911,           0.9959110,      -14630.1540000,
 15912,           0.9959120,      -14628.7240000,
 15913,           0.9959130,      -14627.2640000,
 15914,           0.9959140,      -14625.8800000,
 15915,           0.9959150,      -14624.4200000,
 15916,           0.9959160,      -14622.9300000,
 15917,           0.9959170,      -14621.4900000,
 15918,           0.9959180,      -14620.0810000,
 15919,           0.9959190,      -14618.6840000,
 15920,           0.9959200,      -14617.1900000,
 15921,           0.9959210,      -14615.7400000,
 15922,           0.9959220,      -14614.2820000,
 15923,           0.9959230,      -14612.8840000,
 15924,           0.9959240,      -14611.4240000,
 15925,           0.9959250,      -14609.9700000,
 15926,           0.9959260,      -14608.5430000,
 15927,           0.9959270,      -14607.1440000,
 15928,           0.9959280,      -14605.6910000,
 15929,           0.9959290,      -14604.2000000,
 15930,           0.9959300,      -14602.7500000,
 15931,           0.9959310,      -14601.2820000,
 15932,           0.9959320,      -14599.9020000,
 15933,           0.9959330,      -14598.4530000,
 15934,           0.9959340,      -14597.0100000,
 15935,           0.9959350,      -14595.5610000,
 15936,           0.9959360,      -14594.1610000,
 15937,           0.9959370,      -14592.7020000,
 15938,           0.9959380,      -14591.2300000,
 15939,           0.9959390,      -14589.7820000,
 15940,           0.9959400,      -14588.2900000,
 15941,           0.9959410,      -14586.9500000,
 15942,           0.9959420,      -14585.4820000,
 15943,           0.9959430,      -14584.0200000,
 15944,           0.9959440,      -14582.5410000,
 15945,           0.9959450,      -14581.1700000,
 15946,           0.9959460,      -14579.7200000,
 15947,           0.9959470,      -14578.2340000,
 15948,           0.9959480,      -14576.8300000,
 15949,           0.9959490,      -14575.4400000,
 15950,           0.9959500,      -14573.9720000,
 15951,           0.9959510,      -14572.4800000,
 15952,           0.9959520,      -14571.0300000,
 15953,           0.9959530,      -14569.5600000,
 15954,           0.9959540,      -14568.1810000,
 15955,           0.9959550,      -14566.6900000,
 15956,           0.9959560,      -14565.2830000,
 15957,           0.9959570,      -14563.8030000,
 15958,           0.9959580,      -14562.4300000,
 15959,           0.9959590,      -14560.9600000,
 15960,           0.9959600,      -14559.4700000,
 15961,           0.9959610,      -14558.0000000,
 15962,           0.9959620,      -14556.5140000,
 15963,           0.9959630,      -14555.1810000,
 15964,           0.9959640,      -14553.6800000,
 15965,           0.9959650,      -14552.2200000,
 15966,           0.9959660,      -14550.7300000,
 15967,           0.9959670,      -14549.3520000,
 15968,           0.9959680,      -14547.8700000,
 15969,           0.9959690,      -14546.4120000,
 15970,           0.9959700,      -14544.9600000,
 15971,           0.9959710,      -14543.5000000,
 15972,           0.9959720,      -14542.1110000,
 15973,           0.9959730,      -14540.6300000,
 15974,           0.9959740,      -14539.1600000,
 15975,           0.9959750,      -14537.6710000,
 15976,           0.9959760,      -14536.2910000,
 15977,           0.9959770,      -14534.8010000,
 15978,           0.9959780,      -14533.4000000,
 15979,           0.9959790,      -14531.9000000,
 15980,           0.9959800,      -14530.4300000,
 15981,           0.9959810,      -14529.0400000,
 15982,           0.9959820,      -14527.5700000,
 15983,           0.9959830,      -14526.0800000,
 15984,           0.9959840,      -14524.6210000,
 15985,           0.9959850,      -14513.0630000,
 15986,           0.9959860,      -14511.5830000,
 15987,           0.9959870,      -14510.1300000,
 15988,           0.9959880,      -14508.6300000,
 15989,           0.9959890,      -14507.1510000,
 15990,           0.9959900,      -14505.7440000,
 15991,           0.9959910,      -14504.2920000,
 15992,           0.9959920,      -14502.8100000,
 15993,           0.9959930,      -14501.3920000,
 15994,           0.9959940,      -14499.9920000,
 15995,           0.9959950,      -14498.5400000,
 15996,           0.9959960,      -14497.0400000,
 15997,           0.9959970,      -14495.5700000,
 15998,           0.9959980,      -14582.1100000,
 15999,           0.9959990,      -14580.7300000,
 16000,           0.9960000,      -14579.3200000,
 16001,           0.9960010,      -14577.8300000,
 16002,           0.9960020,      -14576.3730000,
 16003,           0.9960030,      -14574.9520000,
 16004,           0.9960040,      -14573.5010000,
 16005,           0.9960050,      -14572.0110000,
 16006,           0.9960060,      -14570.5410000,
 16007,           0.9960070,      -14569.1000000,
 16008,           0.9960080,      -14567.7300000,
 16009,           0.9960090,      -14566.2300000,
 16010,           0.9960100,      -14564.7700000,
 16011,           0.9960110,      -14563.2800000,
 16012,           0.9960120,      -14561.9110000,
 16013,           0.9960130,      -14560.4400000,
 16014,           0.9960140,      -14558.9440000,
 16015,           0.9960150,      -14557.5300000,
 16016,           0.9960160,      -14556.0500000,
 16017,           0.9960170,      -14554.6640000,
 16018,           0.9960180,      -14553.1720000,
 16019,           0.9960190,      -14551.7200000,
 16020,           0.9960200,      -14550.2300000,
 16021,           0.9960210,      -14548.8500000,
 16022,           0.9960220,      -14547.4210000,
 16023,           0.9960230,      -14545.9440000,
 16024,           0.9960240,      -14544.4600000,
 16025,           0.9960250,      -14543.0010000,
 16026,           0.9960260,      -14541.5900000,
 16027,           0.9960270,      -14540.1240000,
 16028,           0.9960280,      -14538.6400000,
 16029,           0.9960290,      -14537.1640000,
 16030,           0.9960300,      -14535.8300000,
 16031,           0.9960310,      -14534.3610000,
 16032,           0.9960320,      -14522.6600000,
 16033,           0.9960330,      -14521.1800000,
 16034,           0.9960340,      -14519.7110000,
 16035,           0.9960350,      -14518.3100000,
 16036,           0.9960360,      -14516.8500000,
 16037,           0.9960370,      -14515.4020000,
 16038,           0.9960380,      -14513.9410000,
 16039,           0.9960390,      -14512.5410000,
 16040,           0.9960400,      -14511.0740000,
 16041,           0.9960410,      -14509.5930000,
 16042,           0.9960420,      -14508.1200000,
 16043,           0.9960430,      -14506.6500000,
 16044,           0.9960440,      -14505.2600000,
 16045,           0.9960450,      -14503.8300000,
 16046,           0.9960460,      -14502.3620000,
 16047,           0.9960470,      -14500.8640000,
 16048,           0.9960480,      -14499.4940000,
 16049,           0.9960490,      -14498.0200000,
 16050,           0.9960500,      -14496.5400000,
 16051,           0.9960510,      -14495.0720000,
 16052,           0.9960520,      -14493.6310000,
 16053,           0.9960530,      -14492.2600000,
 16054,           0.9960540,      -14481.6900000,
 16055,           0.9960550,      -14480.2200000,
 16056,           0.9960560,      -14478.7220000,
 16057,           0.9960570,      -14477.3700000,
 16058,           0.9960580,      -14475.8740000,
 16059,           0.9960590,      -14474.4130000,
 16060,           0.9960600,      -14472.9730000,
 16061,           0.9960610,      -14471.5010000,
 16062,           0.9960620,      -14470.1130000,
 16063,           0.9960630,      -14468.6300000,
 16064,           0.9960640,      -14467.1400000,
 16065,           0.9960650,      -14465.6840000,
 16066,           0.9960660,      -14464.2830000,
 16067,           0.9960670,      -14462.8130000,
 16068,           0.9960680,      -14461.4040000,
 16069,           0.9960690,      -14459.9230000,
 16070,           0.9960700,      -14458.4540000,
 16071,           0.9960710,      -14457.0620000,
 16072,           0.9960720,      -14455.6000000,
 16073,           0.9960730,      -14454.1040000,
 16074,           0.9960740,      -14452.6330000,
 16075,           0.9960750,      -14451.2900000,
 16076,           0.9960760,      -14449.8100000,
 16077,           0.9960770,      -14448.3400000,
 16078,           0.9960780,      -14446.8700000,
 16079,           0.9960790,      -14445.3700000,
 16080,           0.9960800,      -14444.0120000,
 16081,           0.9960810,      -14442.5300000,
 16082,           0.9960820,      -14441.0640000,
 16083,           0.9960830,      -14439.6300000,
 16084,           0.9960840,      -14438.2520000,
 16085,           0.9960850,      -14426.4500000,
 16086,           0.9960860,      -14424.9700000,
 16087,           0.9960870,      -14423.4740000,
 16088,           0.9960880,      -14422.0200000,
 16089,           0.9960890,      -14420.6320000,
 16090,           0.9960900,      -14419.1940000,
 16091,           0.9960910,      -14417.7320000,
 16092,           0.9960920,      -14416.2440000,
 16093,           0.9960930,      -14414.8700000,
 16094,           0.9960940,      -14413.3840000,
 16095,           0.9960950,      -14411.9200000,
 16096,           0.9960960,      -14410.4300000,
 16097,           0.9960970,      -14408.9800000,
 16098,           0.9960980,      -14407.6100000,
 16099,           0.9960990,      -14406.1630000,
 16100,           0.9961000,      -14404.6730000,
 16101,           0.9961010,      -14392.9500000,
 16102,           0.9961020,      -14391.5420000,
 16103,           0.9961030,      -14390.0830000,
 16104,           0.9961040,      -14388.5900000,
 16105,           0.9961050,      -14387.1300000,
 16106,           0.9961060,      -14385.6800000,
 16107,           0.9961070,      -14384.3010000,
 16108,           0.9961080,      -14372.4000000,
 16109,           0.9961090,      -14370.9340000,
 16110,           0.9961100,      -14369.4400000,
 16111,           0.9961110,      -14368.0720000,
 16112,           0.9961120,      -14366.5800000,
 16113,           0.9961130,      -14365.1600000,
 16114,           0.9961140,      -14363.6900000,
 16115,           0.9961150,      -14362.2000000,
 16116,           0.9961160,      -14360.8320000,
 16117,           0.9961170,      -14359.3320000,
 16118,           0.9961180,      -14357.8730000,
 16119,           0.9961190,      -14356.3910000,
 16120,           0.9961200,      -14355.0300000,
 16121,           0.9961210,      -14353.5700000,
 16122,           0.9961220,      -14352.1200000,
 16123,           0.9961230,      -14350.6240000,
 16124,           0.9961240,      -14349.1600000,
 16125,           0.9961250,      -14338.6600000,
 16126,           0.9961260,      -14337.1800000,
 16127,           0.9961270,      -14335.7100000,
 16128,           0.9961280,      -14334.2340000,
 16129,           0.9961290,      -14332.8810000,
 16130,           0.9961300,      -14331.4300000,
 16131,           0.9961310,      -14329.9300000,
 16132,           0.9961320,      -14328.4700000,
 16133,           0.9961330,      -14326.9700000,
 16134,           0.9961340,      -14325.6000000,
 16135,           0.9961350,      -14324.1020000,
 16136,           0.9961360,      -14322.6800000,
 16137,           0.9961370,      -14321.1900000,
 16138,           0.9961380,      -14319.8240000,
 16139,           0.9961390,      -14318.3400000,
 16140,           0.9961400,      -14316.8600000,
 16141,           0.9961410,      -14315.4000000,
 16142,           0.9961420,      -14313.9340000,
 16143,           0.9961430,      -14312.5500000,
 16144,           0.9961440,      -14311.0930000,
 16145,           0.9961450,      -14309.6420000,
 16146,           0.9961460,      -14308.1500000,
 16147,           0.9961470,      -14306.7520000,
 16148,           0.9961480,      -14305.2720000,
 16149,           0.9961490,      -14303.8000000,
 16150,           0.9961500,      -14302.3300000,
 16151,           0.9961510,      -14300.9500000,
 16152,           0.9961520,      -14299.5000000,
 16153,           0.9961530,      -14288.9400000,
 16154,           0.9961540,      -14287.4500000,
 16155,           0.9961550,      -14285.9810000,
 16156,           0.9961560,      -14284.5810000,
 16157,           0.9961570,      -14283.1120000,
 16158,           0.9961580,      -14281.6300000,
 16159,           0.9961590,      -14280.1510000,
 16160,           0.9961600,      -14278.8100000,
 16161,           0.9961610,      -14267.2900000,
 16162,           0.9961620,      -14265.7910000,
 16163,           0.9961630,      -14264.3300000,
 16164,           0.9961640,      -14262.8330000,
 16165,           0.9961650,      -14261.4610000,
 16166,           0.9961660,      -14259.9640000,
 16167,           0.9961670,      -14258.5500000,
 16168,           0.9961680,      -14257.0500000,
 16169,           0.9961690,      -14255.6900000,
 16170,           0.9961700,      -14254.2000000,
 16171,           0.9961710,      -14252.7130000,
 16172,           0.9961720,      -14251.2330000,
 16173,           0.9961730,      -14249.7620000,
 16174,           0.9961740,      -14248.3500000,
 16175,           0.9961750,      -14246.9340000,
 16176,           0.9961760,      -14245.4510000,
 16177,           0.9961770,      -14243.9900000,
 16178,           0.9961780,      -14242.5710000,
 16179,           0.9961790,      -14241.1000000,
 16180,           0.9961800,      -14239.6300000,
 16181,           0.9961810,      -14238.1700000,
 16182,           0.9961820,      -14236.6620000,
 16183,           0.9961830,      -14235.3330000,
 16184,           0.9961840,      -14233.8430000,
 16185,           0.9961850,      -14223.2800000,
 16186,           0.9961860,      -14221.8100000,
 16187,           0.9961870,      -14220.4000000,
 16188,           0.9961880,      -14218.9400000,
 16189,           0.9961890,      -14217.4510000,
 16190,           0.9961900,      -14215.9730000,
 16191,           0.9961910,      -14214.5310000,
 16192,           0.9961920,      -14213.1600000,
 16193,           0.9961930,      -14211.6600000,
 16194,           0.9961940,      -14210.1900000,
 16195,           0.9961950,      -14208.7020000,
 16196,           0.9961960,      -14207.3000000,
 16197,           0.9961970,      -14205.8200000,
 16198,           0.9961980,      -14194.0000000,
 16199,           0.9961990,      -14192.5500000,
 16200,           0.9962000,      -14191.0920000,
 16201,           0.9962010,      -14189.6900000,
 16202,           0.9962020,      -14188.2210000,
 16203,           0.9962030,      -14186.7300000,
 16204,           0.9962040,      -14185.2500000,
 16205,           0.9962050,      -14183.8310000,
 16206,           0.9962060,      -14182.3600000,
 16207,           0.9962070,      -14180.9030000,
 16208,           0.9962080,      -14179.4200000,
 16209,           0.9962090,      -14177.9100000,
 16210,           0.9962100,      -14176.5410000,
 16211,           0.9962110,      -14175.0230000,
 16212,           0.9962120,      -14173.5600000,
 16213,           0.9962130,      -14172.0520000,
 16214,           0.9962140,      -14170.7140000,
 16215,           0.9962150,      -14257.2420000,
 16216,           0.9962160,      -14255.7630000,
 16217,           0.9962170,      -14254.2600000,
 16218,           0.9962180,      -14252.7800000,
 16219,           0.9962190,      -14251.3740000,
 16220,           0.9962200,      -14249.9000000,
 16221,           0.9962210,      -14248.3900000,
 16222,           0.9962220,      -14246.9620000,
 16223,           0.9962230,      -14245.5500000,
 16224,           0.9962240,      -14244.0700000,
 16225,           0.9962250,      -14242.5740000,
 16226,           0.9962260,      -14241.0930000,
 16227,           0.9962270,      -14239.6000000,
 16228,           0.9962280,      -14238.2040000,
 16229,           0.9962290,      -14236.6900000,
 16230,           0.9962300,      -14235.2740000,
 16231,           0.9962310,      -14233.7720000,
 16232,           0.9962320,      -14232.4040000,
 16233,           0.9962330,      -14230.8900000,
 16234,           0.9962340,      -14229.4200000,
 16235,           0.9962350,      -14227.9020000,
 16236,           0.9962360,      -14226.4410000,
 16237,           0.9962370,      -14225.0100000,
 16238,           0.9962380,      -14223.5930000,
 16239,           0.9962390,      -14222.0830000,
 16240,           0.9962400,      -14220.6200000,
 16241,           0.9962410,      -14219.1900000,
 16242,           0.9962420,      -14209.9040000,
 16243,           0.9962430,      -14208.4240000,
 16244,           0.9962440,      -14206.9600000,
 16245,           0.9962450,      -14205.4700000,
 16246,           0.9962460,      -14204.1100000,
 16247,           0.9962470,      -14202.6100000,
 16248,           0.9962480,      -14201.1200000,
 16249,           0.9962490,      -14199.6300000,
 16250,           0.9962500,      -14198.2400000,
 16251,           0.9962510,      -14196.7300000,
 16252,           0.9962520,      -14195.2530000,
 16253,           0.9962530,      -14193.7500000,
 16254,           0.9962540,      -14192.3300000,
 16255,           0.9962550,      -14190.9300000,
 16256,           0.9962560,      -14189.4400000,
 16257,           0.9962570,      -14187.9420000,
 16258,           0.9962580,      -14186.4620000,
 16259,           0.9962590,      -14185.0500000,
 16260,           0.9962600,      -14183.5830000,
 16261,           0.9962610,      -14182.0800000,
 16262,           0.9962620,      -14171.5200000,
 16263,           0.9962630,      -14258.0600000,
 16264,           0.9962640,      -14256.6600000,
 16265,           0.9962650,      -14255.1500000,
 16266,           0.9962660,      -14253.7000000,
 16267,           0.9962670,      -14252.1830000,
 16268,           0.9962680,      -14250.8100000,
 16269,           0.9962690,      -14249.2900000,
 16270,           0.9962700,      -14247.8730000,
 16271,           0.9962710,      -14246.3800000,
 16272,           0.9962720,      -14244.8900000,
 16273,           0.9962730,      -14243.4900000,
 16274,           0.9962740,      -14242.0200000,
 16275,           0.9962750,      -14240.5200000,
 16276,           0.9962760,      -14239.0320000,
 16277,           0.9962770,      -14237.6200000,
 16278,           0.9962780,      -14236.1900000,
 16279,           0.9962790,      -14234.6800000,
 16280,           0.9962800,      -14233.2030000,
 16281,           0.9962810,      -14231.7200000,
 16282,           0.9962820,      -14230.3000000,
 16283,           0.9962830,      -14228.8100000,
 16284,           0.9962840,      -14227.3400000,
 16285,           0.9962850,      -14225.8200000,
 16286,           0.9962860,      -14224.5000000,
 16287,           0.9962870,      -14212.4900000,
 16288,           0.9962880,      -14211.0130000,
 16289,           0.9962890,      -14209.5140000,
 16290,           0.9962900,      -14208.0400000,
 16291,           0.9962910,      -14206.6300000,
 16292,           0.9962920,      -14205.1610000,
 16293,           0.9962930,      -14203.6600000,
 16294,           0.9962940,      -14202.2300000,
 16295,           0.9962950,      -14200.8100000,
 16296,           0.9962960,      -14188.8600000,
 16297,           0.9962970,      -14187.3630000,
 16298,           0.9962980,      -14185.8900000,
 16299,           0.9962990,      -14175.6700000,
 16300,           0.9963000,      -14174.2710000,
 16301,           0.9963010,      -14172.7810000,
 16302,           0.9963020,      -14160.8730000,
 16303,           0.9963030,      -14159.3800000,
 16304,           0.9963040,      -14157.9700000,
 16305,           0.9963050,      -14156.4700000,
 16306,           0.9963060,      -14154.9940000,
 16307,           0.9963070,      -14153.5000000,
 16308,           0.9963080,      -14152.0200000,
 16309,           0.9963090,      -14150.5920000,
 16310,           0.9963100,      -14149.1640000,
 16311,           0.9963110,      -14147.6620000,
 16312,           0.9963120,      -14146.1900000,
 16313,           0.9963130,      -14144.7800000,
 16314,           0.9963140,      -14143.3000000,
 16315,           0.9963150,      -14141.7900000,
 16316,           0.9963160,      -14140.3030000,
 16317,           0.9963170,      -14138.8200000,
 16318,           0.9963180,      -14137.4800000,
 16319,           0.9963190,      -14135.9740000,
 16320,           0.9963200,      -14124.3930000,
 16321,           0.9963210,      -14122.8830000,
 16322,           0.9963220,      -14121.4630000,
 16323,           0.9963230,      -14119.9910000,
 16324,           0.9963240,      -14118.4900000,
 16325,           0.9963250,      -14117.0130000,
 16326,           0.9963260,      -14115.5500000,
 16327,           0.9963270,      -14114.1600000,
 16328,           0.9963280,      -14112.6610000,
 16329,           0.9963290,      -14111.1810000,
 16330,           0.9963300,      -14109.6730000,
 16331,           0.9963310,      -14108.2800000,
 16332,           0.9963320,      -14106.7810000,
 16333,           0.9963330,      -14105.2910000,
 16334,           0.9963340,      -14103.8530000,
 16335,           0.9963350,      -14102.3600000,
 16336,           0.9963360,      -14100.9600000,
 16337,           0.9963370,      -14099.4800000,
 16338,           0.9963380,      -14097.9730000,
 16339,           0.9963390,      -14086.3920000,
 16340,           0.9963400,      -14084.9520000,
 16341,           0.9963410,      -14083.4830000,
 16342,           0.9963420,      -14082.0320000,
 16343,           0.9963430,      -14080.5340000,
 16344,           0.9963440,      -14079.1200000,
 16345,           0.9963450,      -14077.6500000,
 16346,           0.9963460,      -14076.1420000,
 16347,           0.9963470,      -14074.6800000,
 16348,           0.9963480,      -14073.1500000,
 16349,           0.9963490,      -14071.7620000,
 16350,           0.9963500,      -14070.2700000,
 16351,           0.9963510,      -14068.8420000,
 16352,           0.9963520,      -14067.3310000,
 16353,           0.9963530,      -14065.9300000,
 16354,           0.9963540,      -14064.4400000,
 16355,           0.9963550,      -14062.9320000,
 16356,           0.9963560,      -14061.4410000,
 16357,           0.9963570,      -14059.9620000,
 16358,           0.9963580,      -14058.5430000,
 16359,           0.9963590,      -14057.1030000,
 16360,           0.9963600,      -14143.6400000,
 16361,           0.9963610,      -14142.1540000,
 16362,           0.9963620,      -14140.7400000,
 16363,           0.9963630,      -14139.2600000,
 16364,           0.9963640,      -14137.7500000,
 16365,           0.9963650,      -14136.2800000,
 16366,           0.9963660,      -14134.7700000,
 16367,           0.9963670,      -14133.3800000,
 16368,           0.9963680,      -14131.9100000,
 16369,           0.9963690,      -14130.3900000,
 16370,           0.9963700,      -14128.9100000,
 16371,           0.9963710,      -14127.4800000,
 16372,           0.9963720,      -14125.9830000,
 16373,           0.9963730,      -14124.4630000,
 16374,           0.9963740,      -14122.9900000,
 16375,           0.9963750,      -14121.5330000,
 16376,           0.9963760,      -14120.1300000,
 16377,           0.9963770,      -14118.6200000,
 16378,           0.9963780,      -14117.1140000,
 16379,           0.9963790,      -14115.5900000,
 16380,           0.9963800,      -14114.2020000,
 16381,           0.9963810,      -14112.6720000,
 16382,           0.9963820,      -14111.1800000,
 16383,           0.9963830,      -14109.7130000,
 16384,           0.9963840,      -14108.2400000,
 16385,           0.9963850,      -14106.8100000,
 16386,           0.9963860,      -14105.3300000,
 16387,           0.9963870,      -14103.8130000,
 16388,           0.9963880,      -14102.3200000,
 16389,           0.9963890,      -14100.8800000,
 16390,           0.9963900,      -14099.4000000,
 16391,           0.9963910,      -14097.8700000,
 16392,           0.9963920,      -14085.9520000,
 16393,           0.9963930,      -14084.4500000,
 16394,           0.9963940,      -14072.8930000,
 16395,           0.9963950,      -14071.4000000,
 16396,           0.9963960,      -14069.8900000,
 16397,           0.9963970,      -14068.4000000,
 16398,           0.9963980,      -14066.9740000,
 16399,           0.9963990,      -14065.4800000,
 16400,           0.9964000,      -14064.0100000,
 16401,           0.9964010,      -14062.5110000,
 16402,           0.9964020,      -14061.0100000,
 16403,           0.9964030,      -14059.6100000,
 16404,           0.9964040,      -14058.0900000,
 16405,           0.9964050,      -14056.6000000,
 16406,           0.9964060,      -14055.0900000,
 16407,           0.9964070,      -14053.6900000,
 16408,           0.9964080,      -14052.2230000,
 16409,           0.9964090,      -14050.7400000,
 16410,           0.9964100,      -14049.2200000,
 16411,           0.9964110,      -14047.7200000,
 16412,           0.9964120,      -14046.2900000,
 16413,           0.9964130,      -14044.7910000,
 16414,           0.9964140,      -14043.2920000,
 16415,           0.9964150,      -14041.8010000,
 16416,           0.9964160,      -14040.3820000,
 16417,           0.9964170,      -14038.9310000,
 16418,           0.9964180,      -14037.4400000,
 16419,           0.9964190,      -14035.9330000,
 16420,           0.9964200,      -14034.4110000,
 16421,           0.9964210,      -14032.9900000,
 16422,           0.9964220,      -14031.5010000,
 16423,           0.9964230,      -14029.9740000,
 16424,           0.9964240,      -14028.5000000,
 16425,           0.9964250,      -14027.1200000,
 16426,           0.9964260,      -14025.6400000,
 16427,           0.9964270,      -14024.1300000,
 16428,           0.9964280,      -14022.6300000,
 16429,           0.9964290,      -14021.1020000,
 16430,           0.9964300,      -14009.1630000,
 16431,           0.9964310,      -14007.6540000,
 16432,           0.9964320,      -14006.1700000,
 16433,           0.9964330,      -14004.6900000,
 16434,           0.9964340,      -14003.3000000,
 16435,           0.9964350,      -14001.7800000,
 16436,           0.9964360,      -14000.2910000,
 16437,           0.9964370,      -13998.7610000,
 16438,           0.9964380,      -13997.2810000,
 16439,           0.9964390,      -13995.8430000,
 16440,           0.9964400,      -13994.3600000,
 16441,           0.9964410,      -13992.8430000,
 16442,           0.9964420,      -13991.3900000,
 16443,           0.9964430,      -13989.9900000,
 16444,           0.9964440,      -13988.4720000,
 16445,           0.9964450,      -13987.0000000,
 16446,           0.9964460,      -13985.4700000,
 16447,           0.9964470,      -13983.9800000,
 16448,           0.9964480,      -13982.5410000,
 16449,           0.9964490,      -13981.0600000,
 16450,           0.9964500,      -13979.6000000,
 16451,           0.9964510,      -13978.1040000,
 16452,           0.9964520,      -13976.6900000,
 16453,           0.9964530,      -13975.1820000,
 16454,           0.9964540,      -13963.3040000,
 16455,           0.9964550,      -13961.8200000,
 16456,           0.9964560,      -13960.2910000,
 16457,           0.9964570,      -13958.8920000,
 16458,           0.9964580,      -13957.4410000,
 16459,           0.9964590,      -13955.9500000,
 16460,           0.9964600,      -13954.4400000,
 16461,           0.9964610,      -13953.0100000,
 16462,           0.9964620,      -13951.5120000,
 16463,           0.9964630,      -13950.0000000,
 16464,           0.9964640,      -13948.5120000,
 16465,           0.9964650,      -13947.0000000,
 16466,           0.9964660,      -13945.6000000,
 16467,           0.9964670,      -13944.1500000,
 16468,           0.9964680,      -13942.6500000,
 16469,           0.9964690,      -13941.1220000,
 16470,           0.9964700,      -13939.7210000,
 16471,           0.9964710,      -13938.2110000,
 16472,           0.9964720,      -13936.7200000,
 16473,           0.9964730,      -13935.1900000,
 16474,           0.9964740,      -13933.7200000,
 16475,           0.9964750,      -13932.3600000,
 16476,           0.9964760,      -13930.8410000,
 16477,           0.9964770,      -13929.3300000,
 16478,           0.9964780,      -13927.8200000,
 16479,           0.9964790,      -13926.4200000,
 16480,           0.9964800,      -13924.9000000,
 16481,           0.9964810,      -13923.4000000,
 16482,           0.9964820,      -13921.9020000,
 16483,           0.9964830,      -13920.4100000,
 16484,           0.9964840,      -13919.0200000,
 16485,           0.9964850,      -13917.5200000,
 16486,           0.9964860,      -13916.0110000,
 16487,           0.9964870,      -13914.5200000,
 16488,           0.9964880,      -13913.1100000,
 16489,           0.9964890,      -13911.6200000,
 16490,           0.9964900,      -13910.1100000,
 16491,           0.9964910,      -13908.6100000,
 16492,           0.9964920,      -13907.1420000,
 16493,           0.9964930,      -13905.7430000,
 16494,           0.9964940,      -13904.2200000,
 16495,           0.9964950,      -13902.7130000,
 16496,           0.9964960,      -13901.2240000,
 16497,           0.9964970,      -13899.7900000,
 16498,           0.9964980,      -13898.2910000,
 16499,           0.9964990,      -13886.2800000,
 16500,           0.9965000,      -13884.8000000,
 16501,           0.9965010,      -13883.3300000,
 16502,           0.9965020,      -13881.9200000,
 16503,           0.9965030,      -13880.4100000,
 16504,           0.9965040,      -13878.9100000,
 16505,           0.9965050,      -13877.3900000,
 16506,           0.9965060,      -13875.9900000,
 16507,           0.9965070,      -13874.4700000,
 16508,           0.9965080,      -13872.9810000,
 16509,           0.9965090,      -13871.5210000,
 16510,           0.9965100,      -13870.0100000,
 16511,           0.9965110,      -13868.5910000,
 16512,           0.9965120,      -13867.0800000,
 16513,           0.9965130,      -13865.5930000,
 16514,           0.9965140,      -13864.0700000,
 16515,           0.9965150,      -13862.6720000,
 16516,           0.9965160,      -13861.1430000,
 16517,           0.9965170,      -13859.6610000,
 16518,           0.9965180,      -13858.1800000,
 16519,           0.9965190,      -13856.7000000,
 16520,           0.9965200,      -13855.2600000,
 16521,           0.9965210,      -13853.7800000,
 16522,           0.9965220,      -13852.2540000,
 16523,           0.9965230,      -13850.7540000,
 16524,           0.9965240,      -13849.3300000,
 16525,           0.9965250,      -13847.8110000,
 16526,           0.9965260,      -13846.3700000,
 16527,           0.9965270,      -13844.8600000,
 16528,           0.9965280,      -13843.3600000,
 16529,           0.9965290,      -13841.9400000,
 16530,           0.9965300,      -13840.4400000,
 16531,           0.9965310,      -13838.9200000,
 16532,           0.9965320,      -13837.4220000,
 16533,           0.9965330,      -13836.0300000,
 16534,           0.9965340,      -13834.5200000,
 16535,           0.9965350,      -13833.0340000,
 16536,           0.9965360,      -13831.5410000,
 16537,           0.9965370,      -13830.0300000,
 16538,           0.9965380,      -13828.5900000,
 16539,           0.9965390,      -13827.1100000,
 16540,           0.9965400,      -13825.5800000,
 16541,           0.9965410,      -13824.0820000,
 16542,           0.9965420,      -13822.6600000,
 16543,           0.9965430,      -13821.1500000,
 16544,           0.9965440,      -13819.6900000,
 16545,           0.9965450,      -13818.2100000,
 16546,           0.9965460,      -13816.7710000,
 16547,           0.9965470,      -13815.2720000,
 16548,           0.9965480,      -13813.7500000,
 16549,           0.9965490,      -13812.2500000,
 16550,           0.9965500,      -13810.7500000,
 16551,           0.9965510,      -13897.3420000,
 16552,           0.9965520,      -13895.8900000,
 16553,           0.9965530,      -13894.3740000,
 16554,           0.9965540,      -13892.8800000,
 16555,           0.9965550,      -13891.4400000,
 16556,           0.9965560,      -13889.9530000,
 16557,           0.9965570,      -13888.4300000,
 16558,           0.9965580,      -13886.9310000,
 16559,           0.9965590,      -13885.4000000,
 16560,           0.9965600,      -13884.0110000,
 16561,           0.9965610,      -13882.5340000,
 16562,           0.9965620,      -13881.0400000,
 16563,           0.9965630,      -13879.5100000,
 16564,           0.9965640,      -13878.0630000,
 16565,           0.9965650,      -13876.5720000,
 16566,           0.9965660,      -13875.0700000,
 16567,           0.9965670,      -13873.5700000,
 16568,           0.9965680,      -13872.0500000,
 16569,           0.9965690,      -13870.6710000,
 16570,           0.9965700,      -13869.1500000,
 16571,           0.9965710,      -13867.6300000,
 16572,           0.9965720,      -13866.1040000,
 16573,           0.9965730,      -13864.6800000,
 16574,           0.9965740,      -13863.1400000,
 16575,           0.9965750,      -13861.6110000,
 16576,           0.9965760,      -13860.1100000,
 16577,           0.9965770,      -13858.5800000,
 16578,           0.9965780,      -13857.2210000,
 16579,           0.9965790,      -13855.6800000,
 16580,           0.9965800,      -13854.1800000,
 16581,           0.9965810,      -13852.6400000,
 16582,           0.9965820,      -13851.2230000,
 16583,           0.9965830,      -13849.6910000,
 16584,           0.9965840,      -13848.1900000,
 16585,           0.9965850,      -13846.6600000,
 16586,           0.9965860,      -13845.1400000,
 16587,           0.9965870,      -13843.7500000,
 16588,           0.9965880,      -13842.2300000,
 16589,           0.9965890,      -13840.7200000,
 16590,           0.9965900,      -13839.1800000,
 16591,           0.9965910,      -13837.7600000,
 16592,           0.9965920,      -13836.2230000,
 16593,           0.9965930,      -13834.7300000,
 16594,           0.9965940,      -13833.1830000,
 16595,           0.9965950,      -13831.6840000,
 16596,           0.9965960,      -13830.2900000,
 16597,           0.9965970,      -13828.7630000,
 16598,           0.9965980,      -13827.2600000,
 16599,           0.9965990,      -13825.7300000,
 16600,           0.9966000,      -13824.3030000,
 16601,           0.9966010,      -13813.5800000,
 16602,           0.9966020,      -13812.0720000,
 16603,           0.9966030,      -13810.5300000,
 16604,           0.9966040,      -13809.0820000,
 16605,           0.9966050,      -13807.6200000,
 16606,           0.9966060,      -13806.1200000,
 16607,           0.9966070,      -13804.5930000,
 16608,           0.9966080,      -13803.0600000,
 16609,           0.9966090,      -13801.6410000,
 16610,           0.9966100,      -13800.1220000,
 16611,           0.9966110,      -13798.6020000,
 16612,           0.9966120,      -13797.0610000,
 16613,           0.9966130,      -13795.6100000,
 16614,           0.9966140,      -13794.1510000,
 16615,           0.9966150,      -13792.6540000,
 16616,           0.9966160,      -13791.1000000,
 16617,           0.9966170,      -13789.6000000,
 16618,           0.9966180,      -13788.1510000,
 16619,           0.9966190,      -13786.5900000,
 16620,           0.9966200,      -13785.0700000,
 16621,           0.9966210,      -13783.5320000,
 16622,           0.9966220,      -13782.0700000,
 16623,           0.9966230,      -13780.6130000,
 16624,           0.9966240,      -13779.0930000,
 16625,           0.9966250,      -13777.5440000,
 16626,           0.9966260,      -13776.0240000,
 16627,           0.9966270,      -13774.5800000,
 16628,           0.9966280,      -13773.0410000,
 16629,           0.9966290,      -13771.5200000,
 16630,           0.9966300,      -13769.9700000,
 16631,           0.9966310,      -13768.5000000,
 16632,           0.9966320,      -13767.0430000,
 16633,           0.9966330,      -13765.5300000,
 16634,           0.9966340,      -13755.1920000,
 16635,           0.9966350,      -13753.6700000,
 16636,           0.9966360,      -13752.2400000,
 16637,           0.9966370,      -13740.5000000,
 16638,           0.9966380,      -13738.9430000,
 16639,           0.9966390,      -13737.4100000,
 16640,           0.9966400,      -13735.9410000,
 16641,           0.9966410,      -13734.5000000,
 16642,           0.9966420,      -13732.9630000,
 16643,           0.9966430,      -13731.4200000,
 16644,           0.9966440,      -13729.9000000,
 16645,           0.9966450,      -13728.4500000,
 16646,           0.9966460,      -13726.9400000,
 16647,           0.9966470,      -13725.3800000,
 16648,           0.9966480,      -13723.8700000,
 16649,           0.9966490,      -13722.3800000,
 16650,           0.9966500,      -13710.3620000,
 16651,           0.9966510,      -13708.8320000,
 16652,           0.9966520,      -13707.2820000,
 16653,           0.9966530,      -13705.7730000,
 16654,           0.9966540,      -13704.3300000,
 16655,           0.9966550,      -13702.8100000,
 16656,           0.9966560,      -13701.2500000,
 16657,           0.9966570,      -13699.7810000,
 16658,           0.9966580,      -13698.2410000,
 16659,           0.9966590,      -13696.8110000,
 16660,           0.9966600,      -13695.2700000,
 16661,           0.9966610,      -13693.7310000,
 16662,           0.9966620,      -13692.2240000,
 16663,           0.9966630,      -13690.7700000,
 16664,           0.9966640,      -13689.2400000,
 16665,           0.9966650,      -13687.7030000,
 16666,           0.9966660,      -13686.2330000,
 16667,           0.9966670,      -13684.6900000,
 16668,           0.9966680,      -13683.2310000,
 16669,           0.9966690,      -13681.7200000,
 16670,           0.9966700,      -13680.1800000,
 16671,           0.9966710,      -13678.6640000,
 16672,           0.9966720,      -13677.2030000,
 16673,           0.9966730,      -13675.6930000,
 16674,           0.9966740,      -13674.1500000,
 16675,           0.9966750,      -13672.6740000,
 16676,           0.9966760,      -13671.1320000,
 16677,           0.9966770,      -13669.6800000,
 16678,           0.9966780,      -13657.5910000,
 16679,           0.9966790,      -13656.0400000,
 16680,           0.9966800,      -13654.5310000,
 16681,           0.9966810,      -13653.0700000,
 16682,           0.9966820,      -13651.5500000,
 16683,           0.9966830,      -13649.9900000,
 16684,           0.9966840,      -13648.5420000,
 16685,           0.9966850,      -13646.9830000,
 16686,           0.9966860,      -13645.5500000,
 16687,           0.9966870,      -13644.0300000,
 16688,           0.9966880,      -13642.4940000,
 16689,           0.9966890,      -13640.9600000,
 16690,           0.9966900,      -13639.5100000,
 16691,           0.9966910,      -13637.9900000,
 16692,           0.9966920,      -13636.4540000,
 16693,           0.9966930,      -13634.9900000,
 16694,           0.9966940,      -13623.2000000,
 16695,           0.9966950,      -13621.7500000,
 16696,           0.9966960,      -13620.2540000,
 16697,           0.9966970,      -13618.6800000,
 16698,           0.9966980,      -13617.1710000,
 16699,           0.9966990,      -13615.7300000,
 16700,           0.9967000,      -13614.2300000,
 16701,           0.9967010,      -13612.6700000,
 16702,           0.9967020,      -13611.1500000,
 16703,           0.9967030,      -13609.6500000,
 16704,           0.9967040,      -13608.2000000,
 16705,           0.9967050,      -13606.6810000,
 16706,           0.9967060,      -13605.1340000,
 16707,           0.9967070,      -13603.6300000,
 16708,           0.9967080,      -13602.1620000,
 16709,           0.9967090,      -13600.6400000,
 16710,           0.9967100,      -13599.0910000,
 16711,           0.9967110,      -13597.6220000,
 16712,           0.9967120,      -13596.0940000,
 16713,           0.9967130,      -13594.6400000,
 16714,           0.9967140,      -13593.1420000,
 16715,           0.9967150,      -13591.5800000,
 16716,           0.9967160,      -13590.0540000,
 16717,           0.9967170,      -13578.0800000,
 16718,           0.9967180,      -13576.5800000,
 16719,           0.9967190,      -13575.0210000,
 16720,           0.9967200,      -13573.5110000,
 16721,           0.9967210,      -13572.0000000,
 16722,           0.9967220,      -13570.5500000,
 16723,           0.9967230,      -13569.0440000,
 16724,           0.9967240,      -13567.4900000,
 16725,           0.9967250,      -13565.9700000,
 16726,           0.9967260,      -13564.5200000,
 16727,           0.9967270,      -13562.9630000,
 16728,           0.9967280,      -13561.4540000,
 16729,           0.9967290,      -13559.9240000,
 16730,           0.9967300,      -13558.4500000,
 16731,           0.9967310,      -13556.9920000,
 16732,           0.9967320,      -13555.4720000,
 16733,           0.9967330,      -13553.9320000,
 16734,           0.9967340,      -13552.4200000,
 16735,           0.9967350,      -13550.9600000,
 16736,           0.9967360,      -13549.4200000,
 16737,           0.9967370,      -13547.9100000,
 16738,           0.9967380,      -13546.3700000,
 16739,           0.9967390,      -13544.9800000,
 16740,           0.9967400,      -13543.4500000,
 16741,           0.9967410,      -13541.9300000,
 16742,           0.9967420,      -13540.3700000,
 16743,           0.9967430,      -13538.8300000,
 16744,           0.9967440,      -13537.4130000,
 16745,           0.9967450,      -13535.8800000,
 16746,           0.9967460,      -13534.3420000,
 16747,           0.9967470,      -13532.8000000,
 16748,           0.9967480,      -13531.4240000,
 16749,           0.9967490,      -13529.8800000,
 16750,           0.9967500,      -13528.3310000,
 16751,           0.9967510,      -13526.8300000,
 16752,           0.9967520,      -13525.2810000,
 16753,           0.9967530,      -13523.8640000,
 16754,           0.9967540,      -13522.3100000,
 16755,           0.9967550,      -13520.8000000,
 16756,           0.9967560,      -13519.2500000,
 16757,           0.9967570,      -13517.8330000,
 16758,           0.9967580,      -13516.3230000,
 16759,           0.9967590,      -13514.8000000,
 16760,           0.9967600,      -13513.2700000,
 16761,           0.9967610,      -13511.7200000,
 16762,           0.9967620,      -13510.3000000,
 16763,           0.9967630,      -13508.7400000,
 16764,           0.9967640,      -13507.2330000,
 16765,           0.9967650,      -13505.7020000,
 16766,           0.9967660,      -13504.3000000,
 16767,           0.9967670,      -13502.7700000,
 16768,           0.9967680,      -13501.2400000,
 16769,           0.9967690,      -13499.7330000,
 16770,           0.9967700,      -13498.1600000,
 16771,           0.9967710,      -13496.7400000,
 16772,           0.9967720,      -13495.1920000,
 16773,           0.9967730,      -13493.6500000,
 16774,           0.9967740,      -13492.1200000,
 16775,           0.9967750,      -13490.7200000,
 16776,           0.9967760,      -13489.2200000,
 16777,           0.9967770,      -13487.6600000,
 16778,           0.9967780,      -13486.1500000,
 16779,           0.9967790,      -13484.6020000,
 16780,           0.9967800,      -13483.1400000,
 16781,           0.9967810,      -13481.6300000,
 16782,           0.9967820,      -13480.0800000,
 16783,           0.9967830,      -13478.5800000,
 16784,           0.9967840,      -13477.1200000,
 16785,           0.9967850,      -13475.6500000,
 16786,           0.9967860,      -13474.1040000,
 16787,           0.9967870,      -13472.5640000,
 16788,           0.9967880,      -13471.0440000,
 16789,           0.9967890,      -13469.6010000,
 16790,           0.9967900,      -13468.0800000,
 16791,           0.9967910,      -13466.5200000,
 16792,           0.9967920,      -13465.0100000,
 16793,           0.9967930,      -13463.5640000,
 16794,           0.9967940,      -13462.0610000,
 16795,           0.9967950,      -13460.5500000,
 16796,           0.9967960,      -13459.0030000,
 16797,           0.9967970,      -13457.4640000,
 16798,           0.9967980,      -13456.0300000,
 16799,           0.9967990,      -13454.5100000,
 16800,           0.9968000,      -13452.9700000,
 16801,           0.9968010,      -13451.4100000,
 16802,           0.9968020,      -13439.3400000,
 16803,           0.9968030,      -13437.8310000,
 16804,           0.9968040,      -13436.3200000,
 16805,           0.9968050,      -13434.7800000,
 16806,           0.9968060,      -13433.2600000,
 16807,           0.9968070,      -13431.7840000,
 16808,           0.9968080,      -13430.2500000,
 16809,           0.9968090,      -13428.7340000,
 16810,           0.9968100,      -13427.1820000,
 16811,           0.9968110,      -13425.7400000,
 16812,           0.9968120,      -13424.2200000,
 16813,           0.9968130,      -13422.7400000,
 16814,           0.9968140,      -13421.2000000,
 16815,           0.9968150,      -13419.6500000,
 16816,           0.9968160,      -13418.2200000,
 16817,           0.9968170,      -13406.0200000,
 16818,           0.9968180,      -13404.5020000,
 16819,           0.9968190,      -13402.9330000,
 16820,           0.9968200,      -13401.5000000,
 16821,           0.9968210,      -13399.9400000,
 16822,           0.9968220,      -13398.4440000,
 16823,           0.9968230,      -13396.9010000,
 16824,           0.9968240,      -13395.3600000,
 16825,           0.9968250,      -13393.9230000,
 16826,           0.9968260,      -13392.3500000,
 16827,           0.9968270,      -13390.7920000,
 16828,           0.9968280,      -13389.2720000,
 16829,           0.9968290,      -13387.8030000,
 16830,           0.9968300,      -13386.2700000,
 16831,           0.9968310,      -13384.7600000,
 16832,           0.9968320,      -13383.2400000,
 16833,           0.9968330,      -13381.6840000,
 16834,           0.9968340,      -13380.2210000,
 16835,           0.9968350,      -13378.6800000,
 16836,           0.9968360,      -13377.1320000,
 16837,           0.9968370,      -13375.6100000,
 16838,           0.9968380,      -13374.1310000,
 16839,           0.9968390,      -13372.5900000,
 16840,           0.9968400,      -13371.0540000,
 16841,           0.9968410,      -13369.5300000,
 16842,           0.9968420,      -13368.0120000,
 16843,           0.9968430,      -13366.5500000,
 16844,           0.9968440,      -13365.0110000,
 16845,           0.9968450,      -13363.4600000,
 16846,           0.9968460,      -13361.9300000,
 16847,           0.9968470,      -13360.4500000,
 16848,           0.9968480,      -13358.9020000,
 16849,           0.9968490,      -13357.3800000,
 16850,           0.9968500,      -13355.8820000,
 16851,           0.9968510,      -13354.3440000,
 16852,           0.9968520,      -13352.8800000,
 16853,           0.9968530,      -13351.3240000,
 16854,           0.9968540,      -13349.7900000,
 16855,           0.9968550,      -13348.2300000,
 16856,           0.9968560,      -13346.7900000,
 16857,           0.9968570,      -13345.2340000,
 16858,           0.9968580,      -13343.7000000,
 16859,           0.9968590,      -13342.1600000,
 16860,           0.9968600,      -13340.6400000,
 16861,           0.9968610,      -13339.2100000,
 16862,           0.9968620,      -13326.9140000,
 16863,           0.9968630,      -13325.3920000,
 16864,           0.9968640,      -13313.5500000,
 16865,           0.9968650,      -13312.0800000,
 16866,           0.9968660,      -13310.5500000,
 16867,           0.9968670,      -13308.9900000,
 16868,           0.9968680,      -13307.4700000,
 16869,           0.9968690,      -13305.9520000,
 16870,           0.9968700,      -13304.5400000,
 16871,           0.9968710,      -13302.9700000,
 16872,           0.9968720,      -13301.4120000,
 16873,           0.9968730,      -13299.8900000,
 16874,           0.9968740,      -13287.7900000,
 16875,           0.9968750,      -13277.0110000,
 16876,           0.9968760,      -13275.4530000,
 16877,           0.9968770,      -13273.9300000,
 16878,           0.9968780,      -13272.3800000,
 16879,           0.9968790,      -13270.9800000,
 16880,           0.9968800,      -13269.4200000,
 16881,           0.9968810,      -13267.8600000,
 16882,           0.9968820,      -13266.3500000,
 16883,           0.9968830,      -13264.8900000,
 16884,           0.9968840,      -13263.3220000,
 16885,           0.9968850,      -13261.7920000,
 16886,           0.9968860,      -13260.2300000,
 16887,           0.9968870,      -13258.7000000,
 16888,           0.9968880,      -13257.2800000,
 16889,           0.9968890,      -13255.7500000,
 16890,           0.9968900,      -13254.2000000,
 16891,           0.9968910,      -13252.6300000,
 16892,           0.9968920,      -13251.2100000,
 16893,           0.9968930,      -13249.6500000,
 16894,           0.9968940,      -13248.1000000,
 16895,           0.9968950,      -13246.5420000,
 16896,           0.9968960,      -13244.9900000,
 16897,           0.9968970,      -13243.5610000,
 16898,           0.9968980,      -13242.0510000,
 16899,           0.9968990,      -13240.5320000,
 16900,           0.9969000,      -13238.9600000,
 16901,           0.9969010,      -13237.4900000,
 16902,           0.9969020,      -13235.9500000,
 16903,           0.9969030,      -13234.4040000,
 16904,           0.9969040,      -13232.8900000,
 16905,           0.9969050,      -13231.3140000,
 16906,           0.9969060,      -13229.8720000,
 16907,           0.9969070,      -13228.3300000,
 16908,           0.9969080,      -13226.8100000,
 16909,           0.9969090,      -13225.2910000,
 16910,           0.9969100,      -13223.8300000,
 16911,           0.9969110,      -13222.2800000,
 16912,           0.9969120,      -13220.7400000,
 16913,           0.9969130,      -13219.1800000,
 16914,           0.9969140,      -13217.6300000,
 16915,           0.9969150,      -13216.1700000,
 16916,           0.9969160,      -13214.6420000,
 16917,           0.9969170,      -13213.1440000,
 16918,           0.9969180,      -13211.6100000,
 16919,           0.9969190,      -13210.1400000,
 16920,           0.9969200,      -13208.5900000,
 16921,           0.9969210,      -13207.0600000,
 16922,           0.9969220,      -13205.4710000,
 16923,           0.9969230,      -13203.9610000,
 16924,           0.9969240,      -13202.4900000,
 16925,           0.9969250,      -13200.9300000,
 16926,           0.9969260,      -13199.3900000,
 16927,           0.9969270,      -13197.8900000,
 16928,           0.9969280,      -13196.4500000,
 16929,           0.9969290,      -13194.9010000,
 16930,           0.9969300,      -13193.3300000,
 16931,           0.9969310,      -13191.8020000,
 16932,           0.9969320,      -13190.2410000,
 16933,           0.9969330,      -13188.8010000,
 16934,           0.9969340,      -13187.2540000,
 16935,           0.9969350,      -13185.7020000,
 16936,           0.9969360,      -13184.1500000,
 16937,           0.9969370,      -13182.7500000,
 16938,           0.9969380,      -13181.1900000,
 16939,           0.9969390,      -13179.6440000,
 16940,           0.9969400,      -13178.1000000,
 16941,           0.9969410,      -13176.6500000,
 16942,           0.9969420,      -13175.0900000,
 16943,           0.9969430,      -13173.5500000,
 16944,           0.9969440,      -13171.9900000,
 16945,           0.9969450,      -13170.4600000,
 16946,           0.9969460,      -13169.0340000,
 16947,           0.9969470,      -13167.4820000,
 16948,           0.9969480,      -13165.9430000,
 16949,           0.9969490,      -13164.3810000,
 16950,           0.9969500,      -13162.9400000,
 16951,           0.9969510,      -13161.3800000,
 16952,           0.9969520,      -13159.8220000,
 16953,           0.9969530,      -13158.2800000,
 16954,           0.9969540,      -13156.7300000,
 16955,           0.9969550,      -13155.2810000,
 16956,           0.9969560,      -13153.7640000,
 16957,           0.9969570,      -13152.2010000,
 16958,           0.9969580,      -13150.6720000,
 16959,           0.9969590,      -13149.2000000,
 16960,           0.9969600,      -13147.6730000,
 16961,           0.9969610,      -13146.1030000,
 16962,           0.9969620,      -13144.5700000,
 16963,           0.9969630,      -13143.0200000,
 16964,           0.9969640,      -13141.5300000,
 16965,           0.9969650,      -13140.0000000,
 16966,           0.9969660,      -13138.4900000,
 16967,           0.9969670,      -13136.9540000,
 16968,           0.9969680,      -13135.4920000,
 16969,           0.9969690,      -13133.9100000,
 16970,           0.9969700,      -13132.3720000,
 16971,           0.9969710,      -13130.8200000,
 16972,           0.9969720,      -13129.2700000,
 16973,           0.9969730,      -13127.8030000,
 16974,           0.9969740,      -13126.2500000,
 16975,           0.9969750,      -13124.7000000,
 16976,           0.9969760,      -13123.1820000,
 16977,           0.9969770,      -13121.7500000,
 16978,           0.9969780,      -13120.1820000,
 16979,           0.9969790,      -13118.6000000,
 16980,           0.9969800,      -13117.0820000,
 16981,           0.9969810,      -13115.5000000,
 16982,           0.9969820,      -13114.0600000,
 16983,           0.9969830,      -13112.5000000,
 16984,           0.9969840,      -13110.9230000,
 16985,           0.9969850,      -13109.4000000,
 16986,           0.9969860,      -13107.9600000,
 16987,           0.9969870,      -13106.4300000,
 16988,           0.9969880,      -13104.8700000,
 16989,           0.9969890,      -13103.2900000,
 16990,           0.9969900,      -13101.7640000,
 16991,           0.9969910,      -13100.2800000,
 16992,           0.9969920,      -13098.7420000,
 16993,           0.9969930,      -13097.1700000,
 16994,           0.9969940,      -13095.6030000,
 16995,           0.9969950,      -13094.1510000,
 16996,           0.9969960,      -13092.6200000,
 16997,           0.9969970,      -13091.0730000,
 16998,           0.9969980,      -13089.5000000,
 16999,           0.9969990,      -13087.9100000,
 17000,           0.9970000,      -13086.4500000,
 17001,           0.9970010,      -13084.8700000,
 17002,           0.9970020,      -13083.3200000,
 17003,           0.9970030,      -13081.7400000,
 17004,           0.9970040,      -13080.2500000,
 17005,           0.9970050,      -13078.7510000,
 17006,           0.9970060,      -13077.1700000,
 17007,           0.9970070,      -13075.6220000,
 17008,           0.9970080,      -13074.0310000,
 17009,           0.9970090,      -13072.5400000,
 17010,           0.9970100,      -13071.0000000,
 17011,           0.9970110,      -13069.4100000,
 17012,           0.9970120,      -13067.8600000,
 17013,           0.9970130,      -13066.3700000,
 17014,           0.9970140,      -13064.7900000,
 17015,           0.9970150,      -13063.2900000,
 17016,           0.9970160,      -13061.7100000,
 17017,           0.9970170,      -13060.1520000,
 17018,           0.9970180,      -13058.6700000,
 17019,           0.9970190,      -13057.0810000,
 17020,           0.9970200,      -13055.5100000,
 17021,           0.9970210,      -13053.9440000,
 17022,           0.9970220,      -13052.4910000,
 17023,           0.9970230,      -13050.8900000,
 17024,           0.9970240,      -13049.3200000,
 17025,           0.9970250,      -13047.8000000,
 17026,           0.9970260,      -13046.2200000,
 17027,           0.9970270,      -13044.7300000,
 17028,           0.9970280,      -13043.1500000,
 17029,           0.9970290,      -13041.5700000,
 17030,           0.9970300,      -13039.9800000,
 17031,           0.9970310,      -13038.4900000,
 17032,           0.9970320,      -13036.9220000,
 17033,           0.9970330,      -13035.3210000,
 17034,           0.9970340,      -13033.7400000,
 17035,           0.9970350,      -13032.2100000,
 17036,           0.9970360,      -13030.7300000,
 17037,           0.9970370,      -13029.1400000,
 17038,           0.9970380,      -13027.5600000,
 17039,           0.9970390,      -13025.9520000,
 17040,           0.9970400,      -13024.4940000,
 17041,           0.9970410,      -13022.8900000,
 17042,           0.9970420,      -13021.3300000,
 17043,           0.9970430,      -13019.7300000,
 17044,           0.9970440,      -13018.1300000,
 17045,           0.9970450,      -13016.6620000,
 17046,           0.9970460,      -13015.1130000,
 17047,           0.9970470,      -13013.5500000,
 17048,           0.9970480,      -13011.9600000,
 17049,           0.9970490,      -13010.4430000,
 17050,           0.9970500,      -13008.9000000,
 17051,           0.9970510,      -13007.3020000,
 17052,           0.9970520,      -13093.7500000,
 17053,           0.9970530,      -13092.1610000,
 17054,           0.9970540,      -13090.6610000,
 17055,           0.9970550,      -13089.0820000,
 17056,           0.9970560,      -13087.5400000,
 17057,           0.9970570,      -13085.9500000,
 17058,           0.9970580,      -13084.4710000,
 17059,           0.9970590,      -13082.8810000,
 17060,           0.9970600,      -13081.3100000,
 17061,           0.9970610,      -13079.7230000,
 17062,           0.9970620,      -13078.1100000,
 17063,           0.9970630,      -13076.6540000,
 17064,           0.9970640,      -13075.0400000,
 17065,           0.9970650,      -13073.4900000,
 17066,           0.9970660,      -13071.9400000,
 17067,           0.9970670,      -13070.4500000,
 17068,           0.9970680,      -13068.8730000,
 17069,           0.9970690,      -13067.2640000,
 17070,           0.9970700,      -13065.7100000,
 17071,           0.9970710,      -13064.1040000,
 17072,           0.9970720,      -13052.2330000,
 17073,           0.9970730,      -13050.6520000,
 17074,           0.9970740,      -13049.0630000,
 17075,           0.9970750,      -13047.4810000,
 17076,           0.9970760,      -13046.0500000,
 17077,           0.9970770,      -13044.4700000,
 17078,           0.9970780,      -13042.8630000,
 17079,           0.9970790,      -13041.2800000,
 17080,           0.9970800,      -13039.6800000,
 17081,           0.9970810,      -13038.2240000,
 17082,           0.9970820,      -13036.6200000,
 17083,           0.9970830,      -13035.0300000,
 17084,           0.9970840,      -13033.4030000,
 17085,           0.9970850,      -13031.8910000,
 17086,           0.9970860,      -13030.3800000,
 17087,           0.9970870,      -13028.7720000,
 17088,           0.9970880,      -13027.1900000,
 17089,           0.9970890,      -13025.5730000,
 17090,           0.9970900,      -13024.0720000,
 17091,           0.9970910,      -13022.4810000,
 17092,           0.9970920,      -13020.8600000,
 17093,           0.9970930,      -13019.2900000,
 17094,           0.9970940,      -13017.7830000,
 17095,           0.9970950,      -13016.1700000,
 17096,           0.9970960,      -13014.6400000,
 17097,           0.9970970,      -13013.0220000,
 17098,           0.9970980,      -13011.4300000,
 17099,           0.9970990,      -13009.9400000,
 17100,           0.9971000,      -13008.3330000,
 17101,           0.9971010,      -12996.3620000,
 17102,           0.9971020,      -12994.7400000,
 17103,           0.9971030,      -12993.2500000,
 17104,           0.9971040,      -12991.6500000,
 17105,           0.9971050,      -12990.0600000,
 17106,           0.9971060,      -12988.4720000,
 17107,           0.9971070,      -12986.9200000,
 17108,           0.9971080,      -12985.4020000,
 17109,           0.9971090,      -12983.8200000,
 17110,           0.9971100,      -12982.2100000,
 17111,           0.9971110,      -12980.6200000,
 17112,           0.9971120,      -12979.1120000,
 17113,           0.9971130,      -12977.5040000,
 17114,           0.9971140,      -12975.9300000,
 17115,           0.9971150,      -12974.3300000,
 17116,           0.9971160,      -12972.7130000,
 17117,           0.9971170,      -12971.2800000,
 17118,           0.9971180,      -12969.6710000,
 17119,           0.9971190,      -12968.1000000,
 17120,           0.9971200,      -12966.4800000,
 17121,           0.9971210,      -12964.9800000,
 17122,           0.9971220,      -12963.3910000,
 17123,           0.9971230,      -12961.7900000,
 17124,           0.9971240,      -12960.2100000,
 17125,           0.9971250,      -12947.8000000,
 17126,           0.9971260,      -12946.2930000,
 17127,           0.9971270,      -12944.7700000,
 17128,           0.9971280,      -12943.1630000,
 17129,           0.9971290,      -12941.5500000,
 17130,           0.9971300,      -12940.0700000,
 17131,           0.9971310,      -12938.4540000,
 17132,           0.9971320,      -12936.8900000,
 17133,           0.9971330,      -12935.2700000,
 17134,           0.9971340,      -12933.7610000,
 17135,           0.9971350,      -12932.1700000,
 17136,           0.9971360,      -12930.5700000,
 17137,           0.9971370,      -12929.0000000,
 17138,           0.9971380,      -12927.4310000,
 17139,           0.9971390,      -12925.9310000,
 17140,           0.9971400,      -12924.3410000,
 17141,           0.9971410,      -12922.7500000,
 17142,           0.9971420,      -12921.1330000,
 17143,           0.9971430,      -12919.6620000,
 17144,           0.9971440,      -12918.0410000,
 17145,           0.9971450,      -12916.4600000,
 17146,           0.9971460,      -12914.8440000,
 17147,           0.9971470,      -12913.2500000,
 17148,           0.9971480,      -12911.8200000,
 17149,           0.9971490,      -12910.2200000,
 17150,           0.9971500,      -12908.6000000,
 17151,           0.9971510,      -12907.0300000,
 17152,           0.9971520,      -12905.5100000,
 17153,           0.9971530,      -12903.9320000,
 17154,           0.9971540,      -12902.3140000,
 17155,           0.9971550,      -12900.7110000,
 17156,           0.9971560,      -12899.1320000,
 17157,           0.9971570,      -12897.6300000,
 17158,           0.9971580,      -12896.0300000,
 17159,           0.9971590,      -12894.5100000,
 17160,           0.9971600,      -12892.8900000,
 17161,           0.9971610,      -12891.4020000,
 17162,           0.9971620,      -12889.8040000,
 17163,           0.9971630,      -12888.2100000,
 17164,           0.9971640,      -12886.6000000,
 17165,           0.9971650,      -12885.0300000,
 17166,           0.9971660,      -12883.5140000,
 17167,           0.9971670,      -12881.9320000,
 17168,           0.9971680,      -12880.3100000,
 17169,           0.9971690,      -12878.7910000,
 17170,           0.9971700,      -12877.2700000,
 17171,           0.9971710,      -12875.6830000,
 17172,           0.9971720,      -12874.0900000,
 17173,           0.9971730,      -12872.5000000,
 17174,           0.9971740,      -12870.9100000,
 17175,           0.9971750,      -12869.4000000,
 17176,           0.9971760,      -12867.7910000,
 17177,           0.9971770,      -12866.2200000,
 17178,           0.9971780,      -12854.1900000,
 17179,           0.9971790,      -12852.6900000,
 17180,           0.9971800,      -12851.1600000,
 17181,           0.9971810,      -12849.5620000,
 17182,           0.9971820,      -12847.9600000,
 17183,           0.9971830,      -12846.3700000,
 17184,           0.9971840,      -12844.8500000,
 17185,           0.9971850,      -12843.2800000,
 17186,           0.9971860,      -12841.6530000,
 17187,           0.9971870,      -12840.0600000,
 17188,           0.9971880,      -12838.5800000,
 17189,           0.9971890,      -12836.9600000,
 17190,           0.9971900,      -12835.4400000,
 17191,           0.9971910,      -12833.8310000,
 17192,           0.9971920,      -12832.2400000,
 17193,           0.9971930,      -12830.7500000,
 17194,           0.9971940,      -12829.1430000,
 17195,           0.9971950,      -12827.5300000,
 17196,           0.9971960,      -12825.9700000,
 17197,           0.9971970,      -12824.4500000,
 17198,           0.9971980,      -12822.8630000,
 17199,           0.9971990,      -12821.2700000,
 17200,           0.9972000,      -12819.6420000,
 17201,           0.9972010,      -12818.1320000,
 17202,           0.9972020,      -12816.6300000,
 17203,           0.9972030,      -12815.0200000,
 17204,           0.9972040,      -12813.4200000,
 17205,           0.9972050,      -12811.8400000,
 17206,           0.9972060,      -12810.3500000,
 17207,           0.9972070,      -12808.7230000,
 17208,           0.9972080,      -12807.1300000,
 17209,           0.9972090,      -12805.5500000,
 17210,           0.9972100,      -12793.1020000,
 17211,           0.9972110,      -12791.5800000,
 17212,           0.9972120,      -12790.0700000,
 17213,           0.9972130,      -12788.4500000,
 17214,           0.9972140,      -12786.8900000,
 17215,           0.9972150,      -12785.3700000,
 17216,           0.9972160,      -12783.7720000,
 17217,           0.9972170,      -12782.1700000,
 17218,           0.9972180,      -12780.5820000,
 17219,           0.9972190,      -12778.9600000,
 17220,           0.9972200,      -12777.4900000,
 17221,           0.9972210,      -12775.8700000,
 17222,           0.9972220,      -12774.3600000,
 17223,           0.9972230,      -12772.7420000,
 17224,           0.9972240,      -12771.2300000,
 17225,           0.9972250,      -12769.6500000,
 17226,           0.9972260,      -12768.0410000,
 17227,           0.9972270,      -12766.4300000,
 17228,           0.9972280,      -12764.8400000,
 17229,           0.9972290,      -12851.3820000,
 17230,           0.9972300,      -12849.7800000,
 17231,           0.9972310,      -12848.1820000,
 17232,           0.9972320,      -12846.5510000,
 17233,           0.9972330,      -12845.1410000,
 17234,           0.9972340,      -12843.5300000,
 17235,           0.9972350,      -12841.9300000,
 17236,           0.9972360,      -12840.3500000,
 17237,           0.9972370,      -12838.7500000,
 17238,           0.9972380,      -12837.2200000,
 17239,           0.9972390,      -12835.6630000,
 17240,           0.9972400,      -12834.0400000,
 17241,           0.9972410,      -12832.4700000,
 17242,           0.9972420,      -12830.9210000,
 17243,           0.9972430,      -12829.3240000,
 17244,           0.9972440,      -12827.8200000,
 17245,           0.9972450,      -12826.2010000,
 17246,           0.9972460,      -12824.5900000,
 17247,           0.9972470,      -12823.1100000,
 17248,           0.9972480,      -12821.5200000,
 17249,           0.9972490,      -12819.9100000,
 17250,           0.9972500,      -12818.3120000,
 17251,           0.9972510,      -12816.7900000,
 17252,           0.9972520,      -12815.2200000,
 17253,           0.9972530,      -12813.6000000,
 17254,           0.9972540,      -12812.0020000,
 17255,           0.9972550,      -12810.4700000,
 17256,           0.9972560,      -12808.9400000,
 17257,           0.9972570,      -12807.3600000,
 17258,           0.9972580,      -12805.7520000,
 17259,           0.9972590,      -12804.1600000,
 17260,           0.9972600,      -12802.6700000,
 17261,           0.9972610,      -12801.0400000,
 17262,           0.9972620,      -12799.4200000,
 17263,           0.9972630,      -12797.8340000,
 17264,           0.9972640,      -12796.2000000,
 17265,           0.9972650,      -12794.7300000,
 17266,           0.9972660,      -12793.1410000,
 17267,           0.9972670,      -12791.5210000,
 17268,           0.9972680,      -12789.9200000,
 17269,           0.9972690,      -12788.4000000,
 17270,           0.9972700,      -12786.7910000,
 17271,           0.9972710,      -12785.1920000,
 17272,           0.9972720,      -12783.5810000,
 17273,           0.9972730,      -12781.9500000,
 17274,           0.9972740,      -12780.4600000,
 17275,           0.9972750,      -12778.8340000,
 17276,           0.9972760,      -12777.2510000,
 17277,           0.9972770,      -12775.6700000,
 17278,           0.9972780,      -12774.1530000,
 17279,           0.9972790,      -12772.5300000,
 17280,           0.9972800,      -12770.9400000,
 17281,           0.9972810,      -12769.3430000,
 17282,           0.9972820,      -12767.7230000,
 17283,           0.9972830,      -12766.2020000,
 17284,           0.9972840,      -12764.5740000,
 17285,           0.9972850,      -12762.9900000,
 17286,           0.9972860,      -12761.3800000,
 17287,           0.9972870,      -12759.8930000,
 17288,           0.9972880,      -12758.3230000,
 17289,           0.9972890,      -12756.6940000,
 17290,           0.9972900,      -12755.0800000,
 17291,           0.9972910,      -12753.4910000,
 17292,           0.9972920,      -12751.9600000,
 17293,           0.9972930,      -12750.3800000,
 17294,           0.9972940,      -12748.7500000,
 17295,           0.9972950,      -12747.1500000,
 17296,           0.9972960,      -12745.6330000,
 17297,           0.9972970,      -12744.0300000,
 17298,           0.9972980,      -12742.4800000,
 17299,           0.9972990,      -12740.8700000,
 17300,           0.9973000,      -12739.2530000,
 17301,           0.9973010,      -12737.7300000,
 17302,           0.9973020,      -12736.1500000,
 17303,           0.9973030,      -12734.5100000,
 17304,           0.9973040,      -12732.9230000,
 17305,           0.9973050,      -12731.4120000,
 17306,           0.9973060,      -12729.7900000,
 17307,           0.9973070,      -12728.2000000,
 17308,           0.9973080,      -12726.5720000,
 17309,           0.9973090,      -12725.0220000,
 17310,           0.9973100,      -12723.5300000,
 17311,           0.9973110,      -12721.9200000,
 17312,           0.9973120,      -12720.2900000,
 17313,           0.9973130,      -12718.6900000,
 17314,           0.9973140,      -12717.1900000,
 17315,           0.9973150,      -12715.5700000,
 17316,           0.9973160,      -12713.9800000,
 17317,           0.9973170,      -12712.3600000,
 17318,           0.9973180,      -12710.7800000,
 17319,           0.9973190,      -12709.2530000,
 17320,           0.9973200,      -12707.6330000,
 17321,           0.9973210,      -12706.1000000,
 17322,           0.9973220,      -12704.4840000,
 17323,           0.9973230,      -12702.9700000,
 17324,           0.9973240,      -12701.3700000,
 17325,           0.9973250,      -12699.7630000,
 17326,           0.9973260,      -12698.1510000,
 17327,           0.9973270,      -12696.5600000,
 17328,           0.9973280,      -12695.0420000,
 17329,           0.9973290,      -12682.5820000,
 17330,           0.9973300,      -12680.9700000,
 17331,           0.9973310,      -12679.3600000,
 17332,           0.9973320,      -12677.9200000,
 17333,           0.9973330,      -12676.3130000,
 17334,           0.9973340,      -12674.6710000,
 17335,           0.9973350,      -12673.1000000,
 17336,           0.9973360,      -12671.5800000,
 17337,           0.9973370,      -12669.9820000,
 17338,           0.9973380,      -12668.3830000,
 17339,           0.9973390,      -12666.7600000,
 17340,           0.9973400,      -12665.1600000,
 17341,           0.9973410,      -12663.6620000,
 17342,           0.9973420,      -12662.0440000,
 17343,           0.9973430,      -12660.4800000,
 17344,           0.9973440,      -12658.9000000,
 17345,           0.9973450,      -12657.3800000,
 17346,           0.9973460,      -12655.8000000,
 17347,           0.9973470,      -12654.1800000,
 17348,           0.9973480,      -12652.5540000,
 17349,           0.9973490,      -12650.9710000,
 17350,           0.9973500,      -12649.4610000,
 17351,           0.9973510,      -12647.8410000,
 17352,           0.9973520,      -12646.2600000,
 17353,           0.9973530,      -12644.6410000,
 17354,           0.9973540,      -12643.1800000,
 17355,           0.9973550,      -12641.6010000,
 17356,           0.9973560,      -12639.9800000,
 17357,           0.9973570,      -12638.3610000,
 17358,           0.9973580,      -12636.7800000,
 17359,           0.9973590,      -12635.2500000,
 17360,           0.9973600,      -12633.6800000,
 17361,           0.9973610,      -12632.0600000,
 17362,           0.9973620,      -12630.4600000,
 17363,           0.9973630,      -12628.9540000,
 17364,           0.9973640,      -12627.3300000,
 17365,           0.9973650,      -12625.7900000,
 17366,           0.9973660,      -12624.1940000,
 17367,           0.9973670,      -12622.5910000,
 17368,           0.9973680,      -12621.0620000,
 17369,           0.9973690,      -12619.4900000,
 17370,           0.9973700,      -12617.8800000,
 17371,           0.9973710,      -12616.2600000,
 17372,           0.9973720,      -12614.7800000,
 17373,           0.9973730,      -12613.1600000,
 17374,           0.9973740,      -12611.5400000,
 17375,           0.9973750,      -12609.9720000,
 17376,           0.9973760,      -12608.3440000,
 17377,           0.9973770,      -12606.8920000,
 17378,           0.9973780,      -12605.3040000,
 17379,           0.9973790,      -12603.6920000,
 17380,           0.9973800,      -12602.1140000,
 17381,           0.9973810,      -12600.6000000,
 17382,           0.9973820,      -12598.9900000,
 17383,           0.9973830,      -12597.4010000,
 17384,           0.9973840,      -12595.7900000,
 17385,           0.9973850,      -12594.1820000,
 17386,           0.9973860,      -12592.6900000,
 17387,           0.9973870,      -12591.0700000,
 17388,           0.9973880,      -12589.5230000,
 17389,           0.9973890,      -12587.9410000,
 17390,           0.9973900,      -12586.4320000,
 17391,           0.9973910,      -12584.8100000,
 17392,           0.9973920,      -12583.2400000,
 17393,           0.9973930,      -12581.6200000,
 17394,           0.9973940,      -12580.0000000,
 17395,           0.9973950,      -12578.5410000,
 17396,           0.9973960,      -12576.9100000,
 17397,           0.9973970,      -12575.2900000,
 17398,           0.9973980,      -12573.7240000,
 17399,           0.9973990,      -12572.2100000,
 17400,           0.9974000,      -12570.6700000,
 17401,           0.9974010,      -12569.0840000,
 17402,           0.9974020,      -12567.4500000,
 17403,           0.9974030,      -12565.8840000,
 17404,           0.9974040,      -12564.3800000,
 17405,           0.9974050,      -12562.7500000,
 17406,           0.9974060,      -12649.2100000,
 17407,           0.9974070,      -12647.5800000,
 17408,           0.9974080,      -12646.0640000,
 17409,           0.9974090,      -12644.4920000,
 17410,           0.9974100,      -12642.8820000,
 17411,           0.9974110,      -12641.3500000,
 17412,           0.9974120,      -12639.7510000,
 17413,           0.9974130,      -12638.2320000,
 17414,           0.9974140,      -12636.6330000,
 17415,           0.9974150,      -12635.0500000,
 17416,           0.9974160,      -12633.4410000,
 17417,           0.9974170,      -12631.9300000,
 17418,           0.9974180,      -12630.3500000,
 17419,           0.9974190,      -12628.7400000,
 17420,           0.9974200,      -12627.1240000,
 17421,           0.9974210,      -12625.5420000,
 17422,           0.9974220,      -12624.0320000,
 17423,           0.9974230,      -12622.4830000,
 17424,           0.9974240,      -12620.8940000,
 17425,           0.9974250,      -12619.3010000,
 17426,           0.9974260,      -12617.8100000,
 17427,           0.9974270,      -12616.2100000,
 17428,           0.9974280,      -12614.5920000,
 17429,           0.9974290,      -12613.0110000,
 17430,           0.9974300,      -12611.4100000,
 17431,           0.9974310,      -12609.8940000,
 17432,           0.9974320,      -12608.3140000,
 17433,           0.9974330,      -12606.7110000,
 17434,           0.9974340,      -12605.1500000,
 17435,           0.9974350,      -12603.6700000,
 17436,           0.9974360,      -12602.0600000,
 17437,           0.9974370,      -12600.4600000,
 17438,           0.9974380,      -12598.8900000,
 17439,           0.9974390,      -12597.2730000,
 17440,           0.9974400,      -12595.7640000,
 17441,           0.9974410,      -12594.1900000,
 17442,           0.9974420,      -12592.5730000,
 17443,           0.9974430,      -12590.9600000,
 17444,           0.9974440,      -12589.4900000,
 17445,           0.9974450,      -12587.8800000,
 17446,           0.9974460,      -12586.3300000,
 17447,           0.9974470,      -12584.7500000,
 17448,           0.9974480,      -12583.1530000,
 17449,           0.9974490,      -12581.6500000,
 17450,           0.9974500,      -12580.0700000,
 17451,           0.9974510,      -12578.4510000,
 17452,           0.9974520,      -12576.8500000,
 17453,           0.9974530,      -12575.3730000,
 17454,           0.9974540,      -12573.7510000,
 17455,           0.9974550,      -12572.1600000,
 17456,           0.9974560,      -12570.5900000,
 17457,           0.9974570,      -12569.0340000,
 17458,           0.9974580,      -12567.5300000,
 17459,           0.9974590,      -12555.0400000,
 17460,           0.9974600,      -12553.4300000,
 17461,           0.9974610,      -12551.8330000,
 17462,           0.9974620,      -12550.3510000,
 17463,           0.9974630,      -12548.7430000,
 17464,           0.9974640,      -12547.1420000,
 17465,           0.9974650,      -12545.5600000,
 17466,           0.9974660,      -12543.9610000,
 17467,           0.9974670,      -12542.4830000,
 17468,           0.9974680,      -12540.8700000,
 17469,           0.9974690,      -12539.3200000,
 17470,           0.9974700,      -12537.7600000,
 17471,           0.9974710,      -12536.2520000,
 17472,           0.9974720,      -12534.6340000,
 17473,           0.9974730,      -12533.0600000,
 17474,           0.9974740,      -12531.4600000,
 17475,           0.9974750,      -12529.8700000,
 17476,           0.9974760,      -12528.3740000,
 17477,           0.9974770,      -12526.7610000,
 17478,           0.9974780,      -12525.1700000,
 17479,           0.9974790,      -12523.6010000,
 17480,           0.9974800,      -12522.0720000,
 17481,           0.9974810,      -12520.5230000,
 17482,           0.9974820,      -12518.9700000,
 17483,           0.9974830,      -12517.3410000,
 17484,           0.9974840,      -12507.8400000,
 17485,           0.9974850,      -12506.3510000,
 17486,           0.9974860,      -12504.7410000,
 17487,           0.9974870,      -12503.1510000,
 17488,           0.9974880,      -12501.5800000,
 17489,           0.9974890,      -12500.0710000,
 17490,           0.9974900,      -12498.4700000,
 17491,           0.9974910,      -12496.8820000,
 17492,           0.9974920,      -12495.2840000,
 17493,           0.9974930,      -12493.7400000,
 17494,           0.9974940,      -12492.2530000,
 17495,           0.9974950,      -12490.6510000,
 17496,           0.9974960,      -12489.0600000,
 17497,           0.9974970,      -12487.4700000,
 17498,           0.9974980,      -12485.9640000,
 17499,           0.9974990,      -12484.3540000,
 17500,           0.9975000,      -12482.7800000,
 17501,           0.9975010,      -12481.2000000,
 17502,           0.9975020,      -12479.5930000,
 17503,           0.9975030,      -12478.1100000,
 17504,           0.9975040,      -12476.5130000,
 17505,           0.9975050,      -12474.9610000,
 17506,           0.9975060,      -12473.3900000,
 17507,           0.9975070,      -12471.8840000,
 17508,           0.9975080,      -12470.2730000,
 17509,           0.9975090,      -12468.7100000,
 17510,           0.9975100,      -12467.1100000,
 17511,           0.9975110,      -12465.5010000,
 17512,           0.9975120,      -12464.0400000,
 17513,           0.9975130,      -12462.4500000,
 17514,           0.9975140,      -12451.8910000,
 17515,           0.9975150,      -12450.3300000,
 17516,           0.9975160,      -12448.8240000,
 17517,           0.9975170,      -12447.2730000,
 17518,           0.9975180,      -12445.7000000,
 17519,           0.9975190,      -12433.1610000,
 17520,           0.9975200,      -12431.5600000,
 17521,           0.9975210,      -12430.1000000,
 17522,           0.9975220,      -12428.4820000,
 17523,           0.9975230,      -12426.8800000,
 17524,           0.9975240,      -12425.3200000,
 17525,           0.9975250,      -12423.8100000,
 17526,           0.9975260,      -12422.2100000,
 17527,           0.9975270,      -12420.6300000,
 17528,           0.9975280,      -12419.0410000,
 17529,           0.9975290,      -12417.5840000,
 17530,           0.9975300,      -12404.8000000,
 17531,           0.9975310,      -12403.2300000,
 17532,           0.9975320,      -12401.6200000,
 17533,           0.9975330,      -12488.0620000,
 17534,           0.9975340,      -12486.5720000,
 17535,           0.9975350,      -12484.9800000,
 17536,           0.9975360,      -12483.4000000,
 17537,           0.9975370,      -12481.8000000,
 17538,           0.9975380,      -12480.3000000,
 17539,           0.9975390,      -12478.7240000,
 17540,           0.9975400,      -12466.1320000,
 17541,           0.9975410,      -12464.5910000,
 17542,           0.9975420,      -12463.0200000,
 17543,           0.9975430,      -12461.5130000,
 17544,           0.9975440,      -12459.9300000,
 17545,           0.9975450,      -12458.3620000,
 17546,           0.9975460,      -12445.5510000,
 17547,           0.9975470,      -12444.0600000,
 17548,           0.9975480,      -12442.4920000,
 17549,           0.9975490,      -12440.8730000,
 17550,           0.9975500,      -12439.2900000,
 17551,           0.9975510,      -12437.7030000,
 17552,           0.9975520,      -12436.2100000,
 17553,           0.9975530,      -12434.6530000,
 17554,           0.9975540,      -12433.0600000,
 17555,           0.9975550,      -12431.4840000,
 17556,           0.9975560,      -12429.9740000,
 17557,           0.9975570,      -12428.3840000,
 17558,           0.9975580,      -12426.8110000,
 17559,           0.9975590,      -12425.2200000,
 17560,           0.9975600,      -12423.6400000,
 17561,           0.9975610,      -12422.1420000,
 17562,           0.9975620,      -12420.5400000,
 17563,           0.9975630,      -12418.9400000,
 17564,           0.9975640,      -12417.3700000,
 17565,           0.9975650,      -12415.9200000,
 17566,           0.9975660,      -12414.3100000,
 17567,           0.9975670,      -12412.7510000,
 17568,           0.9975680,      -12411.1500000,
 17569,           0.9975690,      -12409.5420000,
 17570,           0.9975700,      -12408.0700000,
 17571,           0.9975710,      -12406.4730000,
 17572,           0.9975720,      -12404.8700000,
 17573,           0.9975730,      -12403.2900000,
 17574,           0.9975740,      -12401.8140000,
 17575,           0.9975750,      -12400.1900000,
 17576,           0.9975760,      -12387.5400000,
 17577,           0.9975770,      -12386.0000000,
 17578,           0.9975780,      -12384.4100000,
 17579,           0.9975790,      -12382.9240000,
 17580,           0.9975800,      -12381.3300000,
 17581,           0.9975810,      -12379.7200000,
 17582,           0.9975820,      -12378.1600000,
 17583,           0.9975830,      -12376.6420000,
 17584,           0.9975840,      -12375.0500000,
 17585,           0.9975850,      -12373.4810000,
 17586,           0.9975860,      -12371.8820000,
 17587,           0.9975870,      -12370.2800000,
 17588,           0.9975880,      -12368.8200000,
 17589,           0.9975890,      -12367.2010000,
 17590,           0.9975900,      -12365.6630000,
 17591,           0.9975910,      -12364.0600000,
 17592,           0.9975920,      -12362.6020000,
 17593,           0.9975930,      -12360.9940000,
 17594,           0.9975940,      -12359.3900000,
 17595,           0.9975950,      -12357.8300000,
 17596,           0.9975960,      -12356.2110000,
 17597,           0.9975970,      -12354.7100000,
 17598,           0.9975980,      -12353.1430000,
 17599,           0.9975990,      -12351.5600000,
 17600,           0.9976000,      -12349.9540000,
 17601,           0.9976010,      -12348.4610000,
 17602,           0.9976020,      -12346.9110000,
 17603,           0.9976030,      -12345.3300000,
 17604,           0.9976040,      -12343.7400000,
 17605,           0.9976050,      -12342.1510000,
 17606,           0.9976060,      -12340.6530000,
 17607,           0.9976070,      -12339.0710000,
 17608,           0.9976080,      -12337.4900000,
 17609,           0.9976090,      -12335.8800000,
 17610,           0.9976100,      -12334.4040000,
 17611,           0.9976110,      -12332.8100000,
 17612,           0.9976120,      -12331.1800000,
 17613,           0.9976130,      -12329.6300000,
 17614,           0.9976140,      -12328.0400000,
 17615,           0.9976150,      -12326.5710000,
 17616,           0.9976160,      -12324.9800000,
 17617,           0.9976170,      -12323.3900000,
 17618,           0.9976180,      -12321.8200000,
 17619,           0.9976190,      -12320.3000000,
 17620,           0.9976200,      -12318.7300000,
 17621,           0.9976210,      -12317.1510000,
 17622,           0.9976220,      -12315.5310000,
 17623,           0.9976230,      -12313.9500000,
 17624,           0.9976240,      -12312.4600000,
 17625,           0.9976250,      -12310.8620000,
 17626,           0.9976260,      -12309.2800000,
 17627,           0.9976270,      -12307.7400000,
 17628,           0.9976280,      -12306.2210000,
 17629,           0.9976290,      -12304.6600000,
 17630,           0.9976300,      -12303.0610000,
 17631,           0.9976310,      -12301.4610000,
 17632,           0.9976320,      -12299.8740000,
 17633,           0.9976330,      -12298.3840000,
 17634,           0.9976340,      -12296.7830000,
 17635,           0.9976350,      -12295.2110000,
 17636,           0.9976360,      -12293.6000000,
 17637,           0.9976370,      -12292.1100000,
 17638,           0.9976380,      -12290.5000000,
 17639,           0.9976390,      -12288.9210000,
 17640,           0.9976400,      -12287.3710000,
 17641,           0.9976410,      -12285.7900000,
 17642,           0.9976420,      -12284.2910000,
 17643,           0.9976430,      -12282.6710000,
 17644,           0.9976440,      -12281.0810000,
 17645,           0.9976450,      -12279.5200000,
 17646,           0.9976460,      -12278.0200000,
 17647,           0.9976470,      -12276.4100000,
 17648,           0.9976480,      -12274.8400000,
 17649,           0.9976490,      -12273.2430000,
 17650,           0.9976500,      -12271.6340000,
 17651,           0.9976510,      -12270.1600000,
 17652,           0.9976520,      -12268.6100000,
 17653,           0.9976530,      -12267.0130000,
 17654,           0.9976540,      -12265.4500000,
 17655,           0.9976550,      -12263.9200000,
 17656,           0.9976560,      -12262.3100000,
 17657,           0.9976570,      -12260.7000000,
 17658,           0.9976580,      -12259.1010000,
 17659,           0.9976590,      -12257.4900000,
 17660,           0.9976600,      -12255.9610000,
 17661,           0.9976610,      -12254.3900000,
 17662,           0.9976620,      -12252.7800000,
 17663,           0.9976630,      -12251.1500000,
 17664,           0.9976640,      -12249.6610000,
 17665,           0.9976650,      -12248.1040000,
 17666,           0.9976660,      -12246.4700000,
 17667,           0.9976670,      -12244.9000000,
 17668,           0.9976680,      -12243.2700000,
 17669,           0.9976690,      -12241.7600000,
 17670,           0.9976700,      -12240.1800000,
 17671,           0.9976710,      -12238.5600000,
 17672,           0.9976720,      -12236.9400000,
 17673,           0.9976730,      -12235.4320000,
 17674,           0.9976740,      -12233.8200000,
 17675,           0.9976750,      -12232.2030000,
 17676,           0.9976760,      -12230.5910000,
 17677,           0.9976770,      -12229.0300000,
 17678,           0.9976780,      -12227.5600000,
 17679,           0.9976790,      -12225.9500000,
 17680,           0.9976800,      -12224.3530000,
 17681,           0.9976810,      -12222.7400000,
 17682,           0.9976820,      -12221.2200000,
 17683,           0.9976830,      -12219.6400000,
 17684,           0.9976840,      -12218.0120000,
 17685,           0.9976850,      -12216.4020000,
 17686,           0.9976860,      -12214.8200000,
 17687,           0.9976870,      -12213.3100000,
 17688,           0.9976880,      -12211.6910000,
 17689,           0.9976890,      -12210.0800000,
 17690,           0.9976900,      -12208.5000000,
 17691,           0.9976910,      -12207.0240000,
 17692,           0.9976920,      -12205.4000000,
 17693,           0.9976930,      -12203.8340000,
 17694,           0.9976940,      -12202.2200000,
 17695,           0.9976950,      -12200.6010000,
 17696,           0.9976960,      -12199.1200000,
 17697,           0.9976970,      -12197.4940000,
 17698,           0.9976980,      -12195.8840000,
 17699,           0.9976990,      -12194.3100000,
 17700,           0.9977000,      -12192.7820000,
 17701,           0.9977010,      -12191.1720000,
 17702,           0.9977020,      -12189.5430000,
 17703,           0.9977030,      -12187.9600000,
 17704,           0.9977040,      -12186.4140000,
 17705,           0.9977050,      -12184.9110000,
 17706,           0.9977060,      -12183.3130000,
 17707,           0.9977070,      -12181.7000000,
 17708,           0.9977080,      -12180.1000000,
 17709,           0.9977090,      -12178.6000000,
 17710,           0.9977100,      -12176.9620000,
 17711,           0.9977110,      -12175.3800000,
 17712,           0.9977120,      -12173.7510000,
 17713,           0.9977130,      -12172.1710000,
 17714,           0.9977140,      -12170.6540000,
 17715,           0.9977150,      -12169.0500000,
 17716,           0.9977160,      -12167.4610000,
 17717,           0.9977170,      -12165.8900000,
 17718,           0.9977180,      -12164.3930000,
 17719,           0.9977190,      -12162.8010000,
 17720,           0.9977200,      -12161.1820000,
 17721,           0.9977210,      -12159.5600000,
 17722,           0.9977220,      -12158.0020000,
 17723,           0.9977230,      -12156.4840000,
 17724,           0.9977240,      -12154.8700000,
 17725,           0.9977250,      -12153.2500000,
 17726,           0.9977260,      -12151.6630000,
 17727,           0.9977270,      -12150.1600000,
 17728,           0.9977280,      -12148.5500000,
 17729,           0.9977290,      -12146.9600000,
 17730,           0.9977300,      -12145.4030000,
 17731,           0.9977310,      -12143.8720000,
 17732,           0.9977320,      -12142.3100000,
 17733,           0.9977330,      -12140.6810000,
 17734,           0.9977340,      -12139.0700000,
 17735,           0.9977350,      -12137.4900000,
 17736,           0.9977360,      -12135.9630000,
 17737,           0.9977370,      -12134.3700000,
 17738,           0.9977380,      -12132.7420000,
 17739,           0.9977390,      -12131.1700000,
 17740,           0.9977400,      -12129.6530000,
 17741,           0.9977410,      -12128.0310000,
 17742,           0.9977420,      -12126.4530000,
 17743,           0.9977430,      -12124.9000000,
 17744,           0.9977440,      -12123.2930000,
 17745,           0.9977450,      -12121.7910000,
 17746,           0.9977460,      -12120.1740000,
 17747,           0.9977470,      -12118.5800000,
 17748,           0.9977480,      -12116.9500000,
 17749,           0.9977490,      -12115.4640000,
 17750,           0.9977500,      -12113.8510000,
 17751,           0.9977510,      -12112.2400000,
 17752,           0.9977520,      -12110.6700000,
 17753,           0.9977530,      -12109.0430000,
 17754,           0.9977540,      -12107.5220000,
 17755,           0.9977550,      -12105.9500000,
 17756,           0.9977560,      -12104.3800000,
 17757,           0.9977570,      -12102.7800000,
 17758,           0.9977580,      -12101.2500000,
 17759,           0.9977590,      -12099.6700000,
 17760,           0.9977600,      -12098.0520000,
 17761,           0.9977610,      -12096.4400000,
 17762,           0.9977620,      -12094.8640000,
 17763,           0.9977630,      -12093.3420000,
 17764,           0.9977640,      -12091.7240000,
 17765,           0.9977650,      -12090.1500000,
 17766,           0.9977660,      -12088.5200000,
 17767,           0.9977670,      -12086.9930000,
 17768,           0.9977680,      -12085.4020000,
 17769,           0.9977690,      -12083.8100000,
 17770,           0.9977700,      -12082.2400000,
 17771,           0.9977710,      -12080.6400000,
 17772,           0.9977720,      -12079.1440000,
 17773,           0.9977730,      -12077.5400000,
 17774,           0.9977740,      -12075.9320000,
 17775,           0.9977750,      -12074.3300000,
 17776,           0.9977760,      -12072.8040000,
 17777,           0.9977770,      -12071.2100000,
 17778,           0.9977780,      -12069.5810000,
 17779,           0.9977790,      -12068.0030000,
 17780,           0.9977800,      -12066.3800000,
 17781,           0.9977810,      -12064.8640000,
 17782,           0.9977820,      -12063.2800000,
 17783,           0.9977830,      -12061.7210000,
 17784,           0.9977840,      -12060.1000000,
 17785,           0.9977850,      -12058.6000000,
 17786,           0.9977860,      -12057.0000000,
 17787,           0.9977870,      -12055.3700000,
 17788,           0.9977880,      -12053.7600000,
 17789,           0.9977890,      -12052.1700000,
 17790,           0.9977900,      -12050.6500000,
 17791,           0.9977910,      -12049.0230000,
 17792,           0.9977920,      -12047.4130000,
 17793,           0.9977930,      -12045.7720000,
 17794,           0.9977940,      -12044.2420000,
 17795,           0.9977950,      -12042.6100000,
 17796,           0.9977960,      -12041.0800000,
 17797,           0.9977970,      -12039.4500000,
 17798,           0.9977980,      -12037.8200000,
 17799,           0.9977990,      -12036.3000000,
 17800,           0.9978000,      -12034.6700000,
 17801,           0.9978010,      -12033.0400000,
 17802,           0.9978020,      -12031.4410000,
 17803,           0.9978030,      -12029.9100000,
 17804,           0.9978040,      -12028.2900000,
 17805,           0.9978050,      -12026.6500000,
 17806,           0.9978060,      -12025.0400000,
 17807,           0.9978070,      -12023.4230000,
 17808,           0.9978080,      -12021.8900000,
 17809,           0.9978090,      -12020.2910000,
 17810,           0.9978100,      -12018.7120000,
 17811,           0.9978110,      -12017.0900000,
 17812,           0.9978120,      -12015.5510000,
 17813,           0.9978130,      -12013.9440000,
 17814,           0.9978140,      -12012.3320000,
 17815,           0.9978150,      -12010.7100000,
 17816,           0.9978160,      -12009.1000000,
 17817,           0.9978170,      -12007.5700000,
 17818,           0.9978180,      -12005.9400000,
 17819,           0.9978190,      -12004.3100000,
 17820,           0.9978200,      -12002.7200000,
 17821,           0.9978210,      -12001.2000000,
 17822,           0.9978220,      -11999.5600000,
 17823,           0.9978230,      -11997.9700000,
 17824,           0.9978240,      -11996.3800000,
 17825,           0.9978250,      -11994.7400000,
 17826,           0.9978260,      -11993.2700000,
 17827,           0.9978270,      -11991.6320000,
 17828,           0.9978280,      -11990.0120000,
 17829,           0.9978290,      -11988.3800000,
 17830,           0.9978300,      -11986.8700000,
 17831,           0.9978310,      -11975.8020000,
 17832,           0.9978320,      -11974.1610000,
 17833,           0.9978330,      -11972.5700000,
 17834,           0.9978340,      -11970.9600000,
 17835,           0.9978350,      -11969.4300000,
 17836,           0.9978360,      -11967.7930000,
 17837,           0.9978370,      -11966.2600000,
 17838,           0.9978380,      -11964.6300000,
 17839,           0.9978390,      -11963.0800000,
 17840,           0.9978400,      -11961.5100000,
 17841,           0.9978410,      -11959.8710000,
 17842,           0.9978420,      -11946.8330000,
 17843,           0.9978430,      -11945.2000000,
 17844,           0.9978440,      -11932.5400000,
 17845,           0.9978450,      -11930.9020000,
 17846,           0.9978460,      -11929.3000000,
 17847,           0.9978470,      -11927.6840000,
 17848,           0.9978480,      -11926.1640000,
 17849,           0.9978490,      -11924.5300000,
 17850,           0.9978500,      -11922.9000000,
 17851,           0.9978510,      -11921.3500000,
 17852,           0.9978520,      -11919.7320000,
 17853,           0.9978530,      -11918.2100000,
 17854,           0.9978540,      -11916.6200000,
 17855,           0.9978550,      -11914.9900000,
 17856,           0.9978560,      -11913.3520000,
 17857,           0.9978570,      -11911.8200000,
 17858,           0.9978580,      -11910.2330000,
 17859,           0.9978590,      -11908.6100000,
 17860,           0.9978600,      -11906.9800000,
 17861,           0.9978610,      -11905.3720000,
 17862,           0.9978620,      -11903.8630000,
 17863,           0.9978630,      -11902.2300000,
 17864,           0.9978640,      -11900.5920000,
 17865,           0.9978650,      -11899.0600000,
 17866,           0.9978660,      -11897.5300000,
 17867,           0.9978670,      -11895.9000000,
 17868,           0.9978680,      -11894.3300000,
 17869,           0.9978690,      -11892.6830000,
 17870,           0.9978700,      -11891.0640000,
 17871,           0.9978710,      -11889.5200000,
 17872,           0.9978720,      -11887.9300000,
 17873,           0.9978730,      -11886.2910000,
 17874,           0.9978740,      -11884.6830000,
 17875,           0.9978750,      -11883.2020000,
 17876,           0.9978760,      -11881.5540000,
 17877,           0.9978770,      -11879.9410000,
 17878,           0.9978780,      -11878.2940000,
 17879,           0.9978790,      -11876.7800000,
 17880,           0.9978800,      -11875.2400000,
 17881,           0.9978810,      -11873.6210000,
 17882,           0.9978820,      -11872.0100000,
 17883,           0.9978830,      -11870.4000000,
 17884,           0.9978840,      -11868.8730000,
 17885,           0.9978850,      -11867.2420000,
 17886,           0.9978860,      -11865.6500000,
 17887,           0.9978870,      -11864.0200000,
 17888,           0.9978880,      -11862.3920000,
 17889,           0.9978890,      -11860.8900000,
 17890,           0.9978900,      -11859.2700000,
 17891,           0.9978910,      -11857.6600000,
 17892,           0.9978920,      -11856.0200000,
 17893,           0.9978930,      -11854.5900000,
 17894,           0.9978940,      -11852.9500000,
 17895,           0.9978950,      -11851.3400000,
 17896,           0.9978960,      -11849.7340000,
 17897,           0.9978970,      -11848.1100000,
 17898,           0.9978980,      -11846.5720000,
 17899,           0.9978990,      -11844.9500000,
 17900,           0.9979000,      -11843.3700000,
 17901,           0.9979010,      -11841.7220000,
 17902,           0.9979020,      -11840.2100000,
 17903,           0.9979030,      -11838.6010000,
 17904,           0.9979040,      -11836.9830000,
 17905,           0.9979050,      -11835.3500000,
 17906,           0.9979060,      -11833.7310000,
 17907,           0.9979070,      -11832.2820000,
 17908,           0.9979080,      -11830.6700000,
 17909,           0.9979090,      -11829.0400000,
 17910,           0.9979100,      -11827.4120000,
 17911,           0.9979110,      -11825.9000000,
 17912,           0.9979120,      -11824.2810000,
 17913,           0.9979130,      -11822.6600000,
 17914,           0.9979140,      -11821.0530000,
 17915,           0.9979150,      -11819.4400000,
 17916,           0.9979160,      -11817.8930000,
 17917,           0.9979170,      -11816.2900000,
 17918,           0.9979180,      -11814.6900000,
 17919,           0.9979190,      -11813.0600000,
 17920,           0.9979200,      -11811.5400000,
 17921,           0.9979210,      -11809.9240000,
 17922,           0.9979220,      -11808.3530000,
 17923,           0.9979230,      -11806.7300000,
 17924,           0.9979240,      -11805.2100000,
 17925,           0.9979250,      -11803.6000000,
 17926,           0.9979260,      -11801.9700000,
 17927,           0.9979270,      -11800.3520000,
 17928,           0.9979280,      -11798.7200000,
 17929,           0.9979290,      -11797.2100000,
 17930,           0.9979300,      -11795.5820000,
 17931,           0.9979310,      -11793.9600000,
 17932,           0.9979320,      -11792.3540000,
 17933,           0.9979330,      -11790.8120000,
 17934,           0.9979340,      -11789.2000000,
 17935,           0.9979350,      -11787.5600000,
 17936,           0.9979360,      -11786.0210000,
 17937,           0.9979370,      -11784.4040000,
 17938,           0.9979380,      -11771.6900000,
 17939,           0.9979390,      -11770.0810000,
 17940,           0.9979400,      -11768.4500000,
 17941,           0.9979410,      -11766.8220000,
 17942,           0.9979420,      -11765.2620000,
 17943,           0.9979430,      -11763.6700000,
 17944,           0.9979440,      -11762.0000000,
 17945,           0.9979450,      -11760.3430000,
 17946,           0.9979460,      -11758.7020000,
 17947,           0.9979470,      -11757.2000000,
 17948,           0.9979480,      -11755.5500000,
 17949,           0.9979490,      -11753.9010000,
 17950,           0.9979500,      -11752.2900000,
 17951,           0.9979510,      -11750.7910000,
 17952,           0.9979520,      -11749.1430000,
 17953,           0.9979530,      -11747.5100000,
 17954,           0.9979540,      -11745.8840000,
 17955,           0.9979550,      -11744.2430000,
 17956,           0.9979560,      -11742.6940000,
 17957,           0.9979570,      -11741.0400000,
 17958,           0.9979580,      -11739.4300000,
 17959,           0.9979590,      -11737.8000000,
 17960,           0.9979600,      -11736.2500000,
 17961,           0.9979610,      -11734.6300000,
 17962,           0.9979620,      -11732.9720000,
 17963,           0.9979630,      -11731.3300000,
 17964,           0.9979640,      -11729.6900000,
 17965,           0.9979650,      -11728.2200000,
 17966,           0.9979660,      -11726.5840000,
 17967,           0.9979670,      -11724.9440000,
 17968,           0.9979680,      -11723.3000000,
 17969,           0.9979690,      -11721.7700000,
 17970,           0.9979700,      -11720.1500000,
 17971,           0.9979710,      -11718.4910000,
 17972,           0.9979720,      -11716.8810000,
 17973,           0.9979730,      -11715.2310000,
 17974,           0.9979740,      -11713.6920000,
 17975,           0.9979750,      -11700.6310000,
 17976,           0.9979760,      -11699.0100000,
 17977,           0.9979770,      -11697.3600000,
 17978,           0.9979780,      -11695.8220000,
 17979,           0.9979790,      -11694.1600000,
 17980,           0.9979800,      -11692.6040000,
 17981,           0.9979810,      -11690.9600000,
 17982,           0.9979820,      -11689.3200000,
 17983,           0.9979830,      -11687.7920000,
 17984,           0.9979840,      -11686.1640000,
 17985,           0.9979850,      -11684.5030000,
 17986,           0.9979860,      -11682.8720000,
 17987,           0.9979870,      -11681.3520000,
 17988,           0.9979880,      -11679.7020000,
 17989,           0.9979890,      -11678.0620000,
 17990,           0.9979900,      -11676.4200000,
 17991,           0.9979910,      -11674.8000000,
 17992,           0.9979920,      -11673.2500000,
 17993,           0.9979930,      -11671.5900000,
 17994,           0.9979940,      -11669.9400000,
 17995,           0.9979950,      -11668.3800000,
 17996,           0.9979960,      -11666.8400000,
 17997,           0.9979970,      -11665.1830000,
 17998,           0.9979980,      -11663.5800000,
 17999,           0.9979990,      -11661.9300000,
 18000,           0.9980000,      -11660.3000000,
 18001,           0.9980010,      -11647.9700000,
 18002,           0.9980020,      -11646.3500000,
 18003,           0.9980030,      -11635.7000000,
 18004,           0.9980040,      -11634.0600000,
 18005,           0.9980050,      -11632.5030000,
 18006,           0.9980060,      -11630.8800000,
 18007,           0.9980070,      -11629.2400000,
 18008,           0.9980080,      -11627.5800000,
 18009,           0.9980090,      -11625.9620000,
 18010,           0.9980100,      -11624.4720000,
 18011,           0.9980110,      -11622.8300000,
 18012,           0.9980120,      -11621.1810000,
 18013,           0.9980130,      -11619.5500000,
 18014,           0.9980140,      -11618.0100000,
 18015,           0.9980150,      -11616.3500000,
 18016,           0.9980160,      -11614.7300000,
 18017,           0.9980170,      -11613.0900000,
 18018,           0.9980180,      -11611.4440000,
 18019,           0.9980190,      -11609.8900000,
 18020,           0.9980200,      -11608.2330000,
 18021,           0.9980210,      -11606.6100000,
 18022,           0.9980220,      -11604.9700000,
 18023,           0.9980230,      -11603.4100000,
 18024,           0.9980240,      -11601.7400000,
 18025,           0.9980250,      -11600.1800000,
 18026,           0.9980260,      -11587.3300000,
 18027,           0.9980270,      -11585.6800000,
 18028,           0.9980280,      -11584.1330000,
 18029,           0.9980290,      -11582.4640000,
 18030,           0.9980300,      -11580.7900000,
 18031,           0.9980310,      -11579.1340000,
 18032,           0.9980320,      -11577.5830000,
 18033,           0.9980330,      -11575.9200000,
 18034,           0.9980340,      -11574.2710000,
 18035,           0.9980350,      -11572.6100000,
 18036,           0.9980360,      -11570.9700000,
 18037,           0.9980370,      -11569.3900000,
 18038,           0.9980380,      -11567.7400000,
 18039,           0.9980390,      -11566.0600000,
 18040,           0.9980400,      -11564.4840000,
 18041,           0.9980410,      -11562.9200000,
 18042,           0.9980420,      -11561.2500000,
 18043,           0.9980430,      -11559.6000000,
 18044,           0.9980440,      -11557.9500000,
 18045,           0.9980450,      -11556.2910000,
 18046,           0.9980460,      -11554.7210000,
 18047,           0.9980470,      -11553.0920000,
 18048,           0.9980480,      -11551.4200000,
 18049,           0.9980490,      -11549.7610000,
 18050,           0.9980500,      -11548.1800000,
 18051,           0.9980510,      -11546.5420000,
 18052,           0.9980520,      -11544.8820000,
 18053,           0.9980530,      -11543.2240000,
 18054,           0.9980540,      -11541.5630000,
 18055,           0.9980550,      -11540.0900000,
 18056,           0.9980560,      -11538.4210000,
 18057,           0.9980570,      -11536.7440000,
 18058,           0.9980580,      -11535.1130000,
 18059,           0.9980590,      -11533.5700000,
 18060,           0.9980600,      -11531.9100000,
 18061,           0.9980610,      -11530.2400000,
 18062,           0.9980620,      -11528.5800000,
 18063,           0.9980630,      -11526.9600000,
 18064,           0.9980640,      -11525.4000000,
 18065,           0.9980650,      -11523.7300000,
 18066,           0.9980660,      -11522.0640000,
 18067,           0.9980670,      -11520.4340000,
 18068,           0.9980680,      -11518.8700000,
 18069,           0.9980690,      -11517.2200000,
 18070,           0.9980700,      -11515.6400000,
 18071,           0.9980710,      -11513.9700000,
 18072,           0.9980720,      -11512.3000000,
 18073,           0.9980730,      -11510.7500000,
 18074,           0.9980740,      -11509.1200000,
 18075,           0.9980750,      -11507.4600000,
 18076,           0.9980760,      -11505.7900000,
 18077,           0.9980770,      -11504.2500000,
 18078,           0.9980780,      -11502.6020000,
 18079,           0.9980790,      -11489.6710000,
 18080,           0.9980800,      -11488.0210000,
 18081,           0.9980810,      -11486.3540000,
 18082,           0.9980820,      -11484.8220000,
 18083,           0.9980830,      -11483.1610000,
 18084,           0.9980840,      -11481.4920000,
 18085,           0.9980850,      -11479.8400000,
 18086,           0.9980860,      -11478.3700000,
 18087,           0.9980870,      -11476.7110000,
 18088,           0.9980880,      -11475.0600000,
 18089,           0.9980890,      -11473.4100000,
 18090,           0.9980900,      -11471.7700000,
 18091,           0.9980910,      -11470.2110000,
 18092,           0.9980920,      -11468.5410000,
 18093,           0.9980930,      -11466.8920000,
 18094,           0.9980940,      -11465.2530000,
 18095,           0.9980950,      -11463.7100000,
 18096,           0.9980960,      -11462.0340000,
 18097,           0.9980970,      -11460.3900000,
 18098,           0.9980980,      -11458.7510000,
 18099,           0.9980990,      -11457.1010000,
 18100,           0.9981000,      -11455.5340000,
 18101,           0.9981010,      -11453.8910000,
 18102,           0.9981020,      -11452.3240000,
 18103,           0.9981030,      -11450.6800000,
 18104,           0.9981040,      -11449.1040000,
 18105,           0.9981050,      -11447.4600000,
 18106,           0.9981060,      -11445.8330000,
 18107,           0.9981070,      -11444.1900000,
 18108,           0.9981080,      -11442.5320000,
 18109,           0.9981090,      -11440.9700000,
 18110,           0.9981100,      -11439.3600000,
 18111,           0.9981110,      -11437.6830000,
 18112,           0.9981120,      -11436.0400000,
 18113,           0.9981130,      -11434.4840000,
 18114,           0.9981140,      -11432.8640000,
 18115,           0.9981150,      -11431.2040000,
 18116,           0.9981160,      -11429.5500000,
 18117,           0.9981170,      -11427.9900000,
 18118,           0.9981180,      -11426.4300000,
 18119,           0.9981190,      -11424.7730000,
 18120,           0.9981200,      -11423.1300000,
 18121,           0.9981210,      -11421.5100000,
 18122,           0.9981220,      -11419.9500000,
 18123,           0.9981230,      -11418.2900000,
 18124,           0.9981240,      -11416.6400000,
 18125,           0.9981250,      -11415.0200000,
 18126,           0.9981260,      -11413.4630000,
 18127,           0.9981270,      -11411.8100000,
 18128,           0.9981280,      -11398.7040000,
 18129,           0.9981290,      -11397.0800000,
 18130,           0.9981300,      -11395.4300000,
 18131,           0.9981310,      -11382.5700000,
 18132,           0.9981320,      -11380.9130000,
 18133,           0.9981330,      -11379.3600000,
 18134,           0.9981340,      -11377.6940000,
 18135,           0.9981350,      -11376.1300000,
 18136,           0.9981360,      -11374.4920000,
 18137,           0.9981370,      -11372.8700000,
 18138,           0.9981380,      -11371.2200000,
 18139,           0.9981390,      -11369.5810000,
 18140,           0.9981400,      -11368.0000000,
 18141,           0.9981410,      -11366.3900000,
 18142,           0.9981420,      -11364.7310000,
 18143,           0.9981430,      -11363.0830000,
 18144,           0.9981440,      -11361.5240000,
 18145,           0.9981450,      -11359.9130000,
 18146,           0.9981460,      -11358.2600000,
 18147,           0.9981470,      -11356.6220000,
 18148,           0.9981480,      -11354.9600000,
 18149,           0.9981490,      -11353.4700000,
 18150,           0.9981500,      -11340.3740000,
 18151,           0.9981510,      -11338.7200000,
 18152,           0.9981520,      -11337.0840000,
 18153,           0.9981530,      -11335.5400000,
 18154,           0.9981540,      -11333.9200000,
 18155,           0.9981550,      -11332.2600000,
 18156,           0.9981560,      -11330.6200000,
 18157,           0.9981570,      -11328.9600000,
 18158,           0.9981580,      -11327.4410000,
 18159,           0.9981590,      -11325.8000000,
 18160,           0.9981600,      -11324.1500000,
 18161,           0.9981610,      -11322.5030000,
 18162,           0.9981620,      -11320.9810000,
 18163,           0.9981630,      -11319.3500000,
 18164,           0.9981640,      -11317.6900000,
 18165,           0.9981650,      -11316.1110000,
 18166,           0.9981660,      -11314.4820000,
 18167,           0.9981670,      -11312.9340000,
 18168,           0.9981680,      -11311.2840000,
 18169,           0.9981690,      -11309.6430000,
 18170,           0.9981700,      -11308.0400000,
 18171,           0.9981710,      -11306.4840000,
 18172,           0.9981720,      -11304.8420000,
 18173,           0.9981730,      -11303.1840000,
 18174,           0.9981740,      -11301.5800000,
 18175,           0.9981750,      -11299.9300000,
 18176,           0.9981760,      -11298.3900000,
 18177,           0.9981770,      -11296.7500000,
 18178,           0.9981780,      -11295.1300000,
 18179,           0.9981790,      -11293.4900000,
 18180,           0.9981800,      -11291.9500000,
 18181,           0.9981810,      -11290.2930000,
 18182,           0.9981820,      -11288.7400000,
 18183,           0.9981830,      -11287.1100000,
 18184,           0.9981840,      -11285.4500000,
 18185,           0.9981850,      -11283.9000000,
 18186,           0.9981860,      -11282.2800000,
 18187,           0.9981870,      -11280.6420000,
 18188,           0.9981880,      -11279.0040000,
 18189,           0.9981890,      -11277.4520000,
 18190,           0.9981900,      -11275.8600000,
 18191,           0.9981910,      -11274.1920000,
 18192,           0.9981920,      -11272.5600000,
 18193,           0.9981930,      -11270.9300000,
 18194,           0.9981940,      -11269.4000000,
 18195,           0.9981950,      -11267.7530000,
 18196,           0.9981960,      -11266.1200000,
 18197,           0.9981970,      -11264.4610000,
 18198,           0.9981980,      -11263.0030000,
 18199,           0.9981990,      -11261.3800000,
 18200,           0.9982000,      -11259.7500000,
 18201,           0.9982010,      -11258.0900000,
 18202,           0.9982020,      -11256.4630000,
 18203,           0.9982030,      -11254.9520000,
 18204,           0.9982040,      -11253.3300000,
 18205,           0.9982050,      -11251.6900000,
 18206,           0.9982060,      -11250.0310000,
 18207,           0.9982070,      -11248.5310000,
 18208,           0.9982080,      -11246.8910000,
 18209,           0.9982090,      -11245.2600000,
 18210,           0.9982100,      -11243.6130000,
 18211,           0.9982110,      -11241.9900000,
 18212,           0.9982120,      -11240.4500000,
 18213,           0.9982130,      -11238.8200000,
 18214,           0.9982140,      -11237.1800000,
 18215,           0.9982150,      -11235.6240000,
 18216,           0.9982160,      -11234.0930000,
 18217,           0.9982170,      -11232.4600000,
 18218,           0.9982180,      -11230.8100000,
 18219,           0.9982190,      -11229.2130000,
 18220,           0.9982200,      -11227.5720000,
 18221,           0.9982210,      -11226.0410000,
 18222,           0.9982220,      -11212.9100000,
 18223,           0.9982230,      -11211.2700000,
 18224,           0.9982240,      -11209.6700000,
 18225,           0.9982250,      -11208.1240000,
 18226,           0.9982260,      -11206.5000000,
 18227,           0.9982270,      -11204.8520000,
 18228,           0.9982280,      -11203.2530000,
 18229,           0.9982290,      -11201.6300000,
 18230,           0.9982300,      -11200.0600000,
 18231,           0.9982310,      -11198.4240000,
 18232,           0.9982320,      -11196.8800000,
 18233,           0.9982330,      -11195.2500000,
 18234,           0.9982340,      -11193.7110000,
 18235,           0.9982350,      -11192.0820000,
 18236,           0.9982360,      -11190.4900000,
 18237,           0.9982370,      -11188.8400000,
 18238,           0.9982380,      -11187.2120000,
 18239,           0.9982390,      -11185.6800000,
 18240,           0.9982400,      -11184.0440000,
 18241,           0.9982410,      -11182.4400000,
 18242,           0.9982420,      -11180.8120000,
 18243,           0.9982430,      -11167.9730000,
 18244,           0.9982440,      -11166.3520000,
 18245,           0.9982450,      -11164.7400000,
 18246,           0.9982460,      -11163.1200000,
 18247,           0.9982470,      -11161.4800000,
 18248,           0.9982480,      -11160.0000000,
 18249,           0.9982490,      -11158.4030000,
 18250,           0.9982500,      -11145.2130000,
 18251,           0.9982510,      -11143.5910000,
 18252,           0.9982520,      -11130.6500000,
 18253,           0.9982530,      -11129.0600000,
 18254,           0.9982540,      -11127.4110000,
 18255,           0.9982550,      -11125.7810000,
 18256,           0.9982560,      -11124.1640000,
 18257,           0.9982570,      -11122.6200000,
 18258,           0.9982580,      -11121.0220000,
 18259,           0.9982590,      -11119.3900000,
 18260,           0.9982600,      -11117.7620000,
 18261,           0.9982610,      -11116.2100000,
 18262,           0.9982620,      -11103.1700000,
 18263,           0.9982630,      -11101.5410000,
 18264,           0.9982640,      -11099.9040000,
 18265,           0.9982650,      -11098.2800000,
 18266,           0.9982660,      -11096.8400000,
 18267,           0.9982670,      -11095.2100000,
 18268,           0.9982680,      -11093.5700000,
 18269,           0.9982690,      -11091.9420000,
 18270,           0.9982700,      -11090.4100000,
 18271,           0.9982710,      -11077.5000000,
 18272,           0.9982720,      -11075.8740000,
 18273,           0.9982730,      -11074.2600000,
 18274,           0.9982740,      -11072.6000000,
 18275,           0.9982750,      -11071.1100000,
 18276,           0.9982760,      -11058.0600000,
 18277,           0.9982770,      -11056.4300000,
 18278,           0.9982780,      -11054.7900000,
 18279,           0.9982790,      -11053.3000000,
 18280,           0.9982800,      -11051.6800000,
 18281,           0.9982810,      -11050.0400000,
 18282,           0.9982820,      -11048.4200000,
 18283,           0.9982830,      -11046.8800000,
 18284,           0.9982840,      -11045.3620000,
 18285,           0.9982850,      -11043.7240000,
 18286,           0.9982860,      -11042.0800000,
 18287,           0.9982870,      -11040.4500000,
 18288,           0.9982880,      -11038.9600000,
 18289,           0.9982890,      -11037.3240000,
 18290,           0.9982900,      -11024.3830000,
 18291,           0.9982910,      -11022.7500000,
 18292,           0.9982920,      -11021.1600000,
 18293,           0.9982930,      -11007.8600000,
 18294,           0.9982940,      -11006.2300000,
 18295,           0.9982950,      -11004.6000000,
 18296,           0.9982960,      -11002.9700000,
 18297,           0.9982970,      -11001.4700000,
 18298,           0.9982980,      -10999.8310000,
 18299,           0.9982990,      -10989.1600000,
 18300,           0.9983000,      -10987.5910000,
 18301,           0.9983010,      -10985.9830000,
 18302,           0.9983020,      -10984.4630000,
 18303,           0.9983030,      -10982.8400000,
 18304,           0.9983040,      -10981.2300000,
 18305,           0.9983050,      -10979.6240000,
 18306,           0.9983060,      -10978.0910000,
 18307,           0.9983070,      -10976.4600000,
 18308,           0.9983080,      -10974.8200000,
 18309,           0.9983090,      -10973.2100000,
 18310,           0.9983100,      -10971.6200000,
 18311,           0.9983110,      -10970.0910000,
 18312,           0.9983120,      -10968.4630000,
 18313,           0.9983130,      -10966.8440000,
 18314,           0.9983140,      -10965.2600000,
 18315,           0.9983150,      -10963.7240000,
 18316,           0.9983160,      -10962.1000000,
 18317,           0.9983170,      -10960.4830000,
 18318,           0.9983180,      -10947.5600000,
 18319,           0.9983190,      -10946.0700000,
 18320,           0.9983200,      -10944.4700000,
 18321,           0.9983210,      -10942.8400000,
 18322,           0.9983220,      -10941.2030000,
 18323,           0.9983230,      -10939.6210000,
 18324,           0.9983240,      -10938.0920000,
 18325,           0.9983250,      -10936.4800000,
 18326,           0.9983260,      -10934.8540000,
 18327,           0.9983270,      -10933.2200000,
 18328,           0.9983280,      -10931.7210000,
 18329,           0.9983290,      -10930.1200000,
 18330,           0.9983300,      -10928.4910000,
 18331,           0.9983310,      -10926.8800000,
 18332,           0.9983320,      -10913.9300000,
 18333,           0.9983330,      -10912.4100000,
 18334,           0.9983340,      -10910.7900000,
 18335,           0.9983350,      -10909.1700000,
 18336,           0.9983360,      -10907.5940000,
 18337,           0.9983370,      -10906.1030000,
 18338,           0.9983380,      -10904.4900000,
 18339,           0.9983390,      -10902.8740000,
 18340,           0.9983400,      -10901.2600000,
 18341,           0.9983410,      -10899.6630000,
 18342,           0.9983420,      -10898.1400000,
 18343,           0.9983430,      -10896.5300000,
 18344,           0.9983440,      -10894.9030000,
 18345,           0.9983450,      -10893.2800000,
 18346,           0.9983460,      -10891.7810000,
 18347,           0.9983470,      -10890.1810000,
 18348,           0.9983480,      -10888.5700000,
 18349,           0.9983490,      -10886.9400000,
 18350,           0.9983500,      -10885.3600000,
 18351,           0.9983510,      -10883.8500000,
 18352,           0.9983520,      -10882.2300000,
 18353,           0.9983530,      -10880.6000000,
 18354,           0.9983540,      -10879.0500000,
 18355,           0.9983550,      -10877.5500000,
 18356,           0.9983560,      -10875.9500000,
 18357,           0.9983570,      -10874.3300000,
 18358,           0.9983580,      -10872.7200000,
 18359,           0.9983590,      -10871.1310000,
 18360,           0.9983600,      -10869.6200000,
 18361,           0.9983610,      -10867.9800000,
 18362,           0.9983620,      -10866.3700000,
 18363,           0.9983630,      -10864.7500000,
 18364,           0.9983640,      -10863.2800000,
 18365,           0.9983650,      -10861.6700000,
 18366,           0.9983660,      -10860.0530000,
 18367,           0.9983670,      -10846.7120000,
 18368,           0.9983680,      -10845.1300000,
 18369,           0.9983690,      -10843.6000000,
 18370,           0.9983700,      -10841.9830000,
 18371,           0.9983710,      -10840.3820000,
 18372,           0.9983720,      -10838.8240000,
 18373,           0.9983730,      -10837.3500000,
 18374,           0.9983740,      -10835.7300000,
 18375,           0.9983750,      -10834.1230000,
 18376,           0.9983760,      -10832.5000000,
 18377,           0.9983770,      -10830.9200000,
 18378,           0.9983780,      -10829.4000000,
 18379,           0.9983790,      -10827.7930000,
 18380,           0.9983800,      -10826.2000000,
 18381,           0.9983810,      -10824.5800000,
 18382,           0.9983820,      -10823.1140000,
 18383,           0.9983830,      -10821.5000000,
 18384,           0.9983840,      -10819.8640000,
 18385,           0.9983850,      -10818.2700000,
 18386,           0.9983860,      -10816.6500000,
 18387,           0.9983870,      -10815.1800000,
 18388,           0.9983880,      -10813.5610000,
 18389,           0.9983890,      -10811.9600000,
 18390,           0.9983900,      -10798.6010000,
 18391,           0.9983910,      -10797.1000000,
 18392,           0.9983920,      -10795.5120000,
 18393,           0.9983930,      -10793.8840000,
 18394,           0.9983940,      -10792.2920000,
 18395,           0.9983950,      -10790.6900000,
 18396,           0.9983960,      -10789.1930000,
 18397,           0.9983970,      -10787.6000000,
 18398,           0.9983980,      -10785.9730000,
 18399,           0.9983990,      -10784.3720000,
 18400,           0.9984000,      -10782.8640000,
 18401,           0.9984010,      -10769.4100000,
 18402,           0.9984020,      -10767.8100000,
 18403,           0.9984030,      -10766.1900000,
 18404,           0.9984040,      -10764.5940000,
 18405,           0.9984050,      -10763.1020000,
 18406,           0.9984060,      -10761.5000000,
 18407,           0.9984070,      -10759.8900000,
 18408,           0.9984080,      -10758.3000000,
 18409,           0.9984090,      -10756.8400000,
 18410,           0.9984100,      -10755.2700000,
 18411,           0.9984110,      -10753.6500000,
 18412,           0.9984120,      -10752.0440000,
 18413,           0.9984130,      -10750.4500000,
 18414,           0.9984140,      -10737.9800000,
 18415,           0.9984150,      -10736.4200000,
 18416,           0.9984160,      -10734.8100000,
 18417,           0.9984170,      -10733.2100000,
 18418,           0.9984180,      -10731.6700000,
 18419,           0.9984190,      -10730.1200000,
 18420,           0.9984200,      -10728.5000000,
 18421,           0.9984210,      -10726.9020000,
 18422,           0.9984220,      -10725.3110000,
 18423,           0.9984230,      -10723.8000000,
 18424,           0.9984240,      -10722.2200000,
 18425,           0.9984250,      -10720.6130000,
 18426,           0.9984260,      -10719.0300000,
 18427,           0.9984270,      -10717.5200000,
 18428,           0.9984280,      -10715.9800000,
 18429,           0.9984290,      -10714.4200000,
 18430,           0.9984300,      -10712.7930000,
 18431,           0.9984310,      -10711.2000000,
 18432,           0.9984320,      -10709.7000000,
 18433,           0.9984330,      -10696.6800000,
 18434,           0.9984340,      -10695.1100000,
 18435,           0.9984350,      -10693.5120000,
 18436,           0.9984360,      -10691.9910000,
 18437,           0.9984370,      -10690.3900000,
 18438,           0.9984380,      -10688.8300000,
 18439,           0.9984390,      -10687.2400000,
 18440,           0.9984400,      -10685.6420000,
 18441,           0.9984410,      -10684.1400000,
 18442,           0.9984420,      -10682.5210000,
 18443,           0.9984430,      -10680.9600000,
 18444,           0.9984440,      -10679.3700000,
 18445,           0.9984450,      -10677.8700000,
 18446,           0.9984460,      -10676.2700000,
 18447,           0.9984470,      -10674.7300000,
 18448,           0.9984480,      -10673.1600000,
 18449,           0.9984490,      -10671.5520000,
 18450,           0.9984500,      -10670.0800000,
 18451,           0.9984510,      -10668.4640000,
 18452,           0.9984520,      -10666.8800000,
 18453,           0.9984530,      -10665.3020000,
 18454,           0.9984540,      -10663.8030000,
 18455,           0.9984550,      -10662.2000000,
 18456,           0.9984560,      -10660.6110000,
 18457,           0.9984570,      -10659.0120000,
 18458,           0.9984580,      -10657.4610000,
 18459,           0.9984590,      -10743.9830000,
 18460,           0.9984600,      -10830.4300000,
 18461,           0.9984610,      -10828.8220000,
 18462,           0.9984620,      -10827.2700000,
 18463,           0.9984630,      -10825.7610000,
 18464,           0.9984640,      -10824.1900000,
 18465,           0.9984650,      -10822.5730000,
 18466,           0.9984660,      -10821.0500000,
 18467,           0.9984670,      -10819.5000000,
 18468,           0.9984680,      -10817.9900000,
 18469,           0.9984690,      -10816.4040000,
 18470,           0.9984700,      -10814.8100000,
 18471,           0.9984710,      -10813.2130000,
 18472,           0.9984720,      -10811.7520000,
 18473,           0.9984730,      -10810.1700000,
 18474,           0.9984740,      -10808.5700000,
 18475,           0.9984750,      -10806.9810000,
 18476,           0.9984760,      -10805.3910000,
 18477,           0.9984770,      -10803.9300000,
 18478,           0.9984780,      -10802.3400000,
 18479,           0.9984790,      -10800.7500000,
 18480,           0.9984800,      -10799.1720000,
 18481,           0.9984810,      -10797.6610000,
 18482,           0.9984820,      -10796.1000000,
 18483,           0.9984830,      -10782.8130000,
 18484,           0.9984840,      -10781.2300000,
 18485,           0.9984850,      -10767.9440000,
 18486,           0.9984860,      -10766.5100000,
 18487,           0.9984870,      -10764.9400000,
 18488,           0.9984880,      -10763.3600000,
 18489,           0.9984890,      -10761.7700000,
 18490,           0.9984900,      -10760.2800000,
 18491,           0.9984910,      -10758.7000000,
 18492,           0.9984920,      -10757.1300000,
 18493,           0.9984930,      -10755.5500000,
 18494,           0.9984940,      -10753.9700000,
 18495,           0.9984950,      -10752.4620000,
 18496,           0.9984960,      -10750.8930000,
 18497,           0.9984970,      -10749.3310000,
 18498,           0.9984980,      -10747.7320000,
 18499,           0.9984990,      -10746.2500000,
 18500,           0.9985000,      -10744.6640000,
 18501,           0.9985010,      -10743.1000000,
 18502,           0.9985020,      -10741.5400000,
 18503,           0.9985030,      -10739.9500000,
 18504,           0.9985040,      -10738.4600000,
 18505,           0.9985050,      -10736.9400000,
 18506,           0.9985060,      -10735.3600000,
 18507,           0.9985070,      -10733.7900000,
 18508,           0.9985080,      -10732.3100000,
 18509,           0.9985090,      -10730.7300000,
 18510,           0.9985100,      -10729.1500000,
 18511,           0.9985110,      -10727.5600000,
 18512,           0.9985120,      -10726.0010000,
 18513,           0.9985130,      -10724.5300000,
 18514,           0.9985140,      -10722.9340000,
 18515,           0.9985150,      -10721.3730000,
 18516,           0.9985160,      -10719.7730000,
 18517,           0.9985170,      -10718.3220000,
 18518,           0.9985180,      -10716.7500000,
 18519,           0.9985190,      -10715.1600000,
 18520,           0.9985200,      -10713.5900000,
 18521,           0.9985210,      -10712.0900000,
 18522,           0.9985220,      -10710.5630000,
 18523,           0.9985230,      -10708.9800000,
 18524,           0.9985240,      -10707.4040000,
 18525,           0.9985250,      -10705.8900000,
 18526,           0.9985260,      -10704.3830000,
 18527,           0.9985270,      -10702.8500000,
 18528,           0.9985280,      -10701.2800000,
 18529,           0.9985290,      -10699.7000000,
 18530,           0.9985300,      -10698.2030000,
 18531,           0.9985310,      -10696.6400000,
 18532,           0.9985320,      -10695.0830000,
 18533,           0.9985330,      -10693.5340000,
 18534,           0.9985340,      -10691.9400000,
 18535,           0.9985350,      -10678.7110000,
 18536,           0.9985360,      -10677.1310000,
 18537,           0.9985370,      -10675.5830000,
 18538,           0.9985380,      -10674.0240000,
 18539,           0.9985390,      -10672.5500000,
 18540,           0.9985400,      -10670.9600000,
 18541,           0.9985410,      -10669.4020000,
 18542,           0.9985420,      -10667.8600000,
 18543,           0.9985430,      -10666.2800000,
 18544,           0.9985440,      -10664.7900000,
 18545,           0.9985450,      -10663.2210000,
 18546,           0.9985460,      -10661.7110000,
 18547,           0.9985470,      -10660.1710000,
 18548,           0.9985480,      -10646.9210000,
 18549,           0.9985490,      -10645.3500000,
 18550,           0.9985500,      -10643.7830000,
 18551,           0.9985510,      -10642.2230000,
 18552,           0.9985520,      -10640.6500000,
 18553,           0.9985530,      -10639.1840000,
 18554,           0.9985540,      -10637.6200000,
 18555,           0.9985550,      -10636.0610000,
 18556,           0.9985560,      -10634.4910000,
 18557,           0.9985570,      -10633.0010000,
 18558,           0.9985580,      -10631.4800000,
 18559,           0.9985590,      -10629.9020000,
 18560,           0.9985600,      -10628.3400000,
 18561,           0.9985610,      -10626.7700000,
 18562,           0.9985620,      -10625.2900000,
 18563,           0.9985630,      -10623.7430000,
 18564,           0.9985640,      -10622.1840000,
 18565,           0.9985650,      -10620.6200000,
 18566,           0.9985660,      -10619.1210000,
 18567,           0.9985670,      -10617.6240000,
 18568,           0.9985680,      -10616.1100000,
 18569,           0.9985690,      -10614.5400000,
 18570,           0.9985700,      -10612.9700000,
 18571,           0.9985710,      -10611.4900000,
 18572,           0.9985720,      -10609.9240000,
 18573,           0.9985730,      -10608.3930000,
 18574,           0.9985740,      -10606.8100000,
 18575,           0.9985750,      -10593.2940000,
 18576,           0.9985760,      -10591.7400000,
 18577,           0.9985770,      -10590.1800000,
 18578,           0.9985780,      -10576.9100000,
 18579,           0.9985790,      -10575.3800000,
 18580,           0.9985800,      -10573.9030000,
 18581,           0.9985810,      -10572.3500000,
 18582,           0.9985820,      -10570.7900000,
 18583,           0.9985830,      -10569.2010000,
 18584,           0.9985840,      -10567.7900000,
 18585,           0.9985850,      -10566.2200000,
 18586,           0.9985860,      -10564.6700000,
 18587,           0.9985870,      -10563.1510000,
 18588,           0.9985880,      -10561.5900000,
 18589,           0.9985890,      -10560.1500000,
 18590,           0.9985900,      -10558.5940000,
 18591,           0.9985910,      -10557.0200000,
 18592,           0.9985920,      -10555.4600000,
 18593,           0.9985930,      -10554.0040000,
 18594,           0.9985940,      -10552.4700000,
 18595,           0.9985950,      -10550.9100000,
 18596,           0.9985960,      -10549.3500000,
 18597,           0.9985970,      -10547.8000000,
 18598,           0.9985980,      -10546.3300000,
 18599,           0.9985990,      -10544.7540000,
 18600,           0.9986000,      -10543.2300000,
 18601,           0.9986010,      -10541.6800000,
 18602,           0.9986020,      -10540.2240000,
 18603,           0.9986030,      -10538.6500000,
 18604,           0.9986040,      -10537.0920000,
 18605,           0.9986050,      -10535.5740000,
 18606,           0.9986060,      -10534.0200000,
 18607,           0.9986070,      -10532.5600000,
 18608,           0.9986080,      -10530.9900000,
 18609,           0.9986090,      -10529.4940000,
 18610,           0.9986100,      -10527.9800000,
 18611,           0.9986110,      -10526.5000000,
 18612,           0.9986120,      -10524.9500000,
 18613,           0.9986130,      -10523.4040000,
 18614,           0.9986140,      -10510.0200000,
 18615,           0.9986150,      -10508.4820000,
 18616,           0.9986160,      -10507.0500000,
 18617,           0.9986170,      -10505.4900000,
 18618,           0.9986180,      -10503.9310000,
 18619,           0.9986190,      -10502.3800000,
 18620,           0.9986200,      -10500.9230000,
 18621,           0.9986210,      -10499.4110000,
 18622,           0.9986220,      -10497.8500000,
 18623,           0.9986230,      -10496.2940000,
 18624,           0.9986240,      -10494.7600000,
 18625,           0.9986250,      -10493.2920000,
 18626,           0.9986260,      -10491.7300000,
 18627,           0.9986270,      -10490.2100000,
 18628,           0.9986280,      -10488.6700000,
 18629,           0.9986290,      -10475.5340000,
 18630,           0.9986300,      -10474.0300000,
 18631,           0.9986310,      -10472.5000000,
 18632,           0.9986320,      -10470.9800000,
 18633,           0.9986330,      -10469.4200000,
 18634,           0.9986340,      -10467.9610000,
 18635,           0.9986350,      -10466.4100000,
 18636,           0.9986360,      -10464.8700000,
 18637,           0.9986370,      -10463.3200000,
 18638,           0.9986380,      -10461.8800000,
 18639,           0.9986390,      -10460.3600000,
 18640,           0.9986400,      -10458.8030000,
 18641,           0.9986410,      -10457.2500000,
 18642,           0.9986420,      -10444.1410000,
 18643,           0.9986430,      -10442.7100000,
 18644,           0.9986440,      -10429.4630000,
 18645,           0.9986450,      -10427.9240000,
 18646,           0.9986460,      -10414.6420000,
 18647,           0.9986470,      -10413.2020000,
 18648,           0.9986480,      -10411.6420000,
 18649,           0.9986490,      -10410.1300000,
 18650,           0.9986500,      -10408.5820000,
 18651,           0.9986510,      -10407.0420000,
 18652,           0.9986520,      -10405.6340000,
 18653,           0.9986530,      -10404.0930000,
 18654,           0.9986540,      -10390.7020000,
 18655,           0.9986550,      -10389.1410000,
 18656,           0.9986560,      -10387.6800000,
 18657,           0.9986570,      -10386.1430000,
 18658,           0.9986580,      -10384.6000000,
 18659,           0.9986590,      -10371.3400000,
 18660,           0.9986600,      -10369.8400000,
 18661,           0.9986610,      -10368.4010000,
 18662,           0.9986620,      -10366.8400000,
 18663,           0.9986630,      -10365.3020000,
 18664,           0.9986640,      -10363.7640000,
 18665,           0.9986650,      -10362.3320000,
 18666,           0.9986660,      -10360.7820000,
 18667,           0.9986670,      -10359.2700000,
 18668,           0.9986680,      -10357.7300000,
 18669,           0.9986690,      -10356.1700000,
 18670,           0.9986700,      -10354.7200000,
 18671,           0.9986710,      -10353.2200000,
 18672,           0.9986720,      -10351.6700000,
 18673,           0.9986730,      -10350.1400000,
 18674,           0.9986740,      -10348.6900000,
 18675,           0.9986750,      -10347.2040000,
 18676,           0.9986760,      -10345.6900000,
 18677,           0.9986770,      -10344.1530000,
 18678,           0.9986780,      -10342.6300000,
 18679,           0.9986790,      -10341.1630000,
 18680,           0.9986800,      -10339.6300000,
 18681,           0.9986810,      -10338.1030000,
 18682,           0.9986820,      -10336.6000000,
 18683,           0.9986830,      -10335.1500000,
 18684,           0.9986840,      -10333.6100000,
 18685,           0.9986850,      -10332.0630000,
 18686,           0.9986860,      -10330.5300000,
 18687,           0.9986870,      -10317.0800000,
 18688,           0.9986880,      -10315.6700000,
 18689,           0.9986890,      -10303.0100000,
 18690,           0.9986900,      -10301.4800000,
 18691,           0.9986910,      -10299.9510000,
 18692,           0.9986920,      -10298.5200000,
 18693,           0.9986930,      -10296.9930000,
 18694,           0.9986940,      -10295.4600000,
 18695,           0.9986950,      -10293.9330000,
 18696,           0.9986960,      -10282.7500000,
 18697,           0.9986970,      -10281.3510000,
 18698,           0.9986980,      -10279.8300000,
 18699,           0.9986990,      -10278.3200000,
 18700,           0.9987000,      -10264.5900000,
 18701,           0.9987010,      -10251.4030000,
 18702,           0.9987020,      -10249.8540000,
 18703,           0.9987030,      -10248.3300000,
 18704,           0.9987040,      -10246.7940000,
 18705,           0.9987050,      -10245.3200000,
 18706,           0.9987060,      -10243.8440000,
 18707,           0.9987070,      -10242.3240000,
 18708,           0.9987080,      -10240.7900000,
 18709,           0.9987090,      -10239.2600000,
 18710,           0.9987100,      -10237.8020000,
 18711,           0.9987110,      -10236.3110000,
 18712,           0.9987120,      -10234.7720000,
 18713,           0.9987130,      -10233.2310000,
 18714,           0.9987140,      -10231.7100000,
 18715,           0.9987150,      -10230.2500000,
 18716,           0.9987160,      -10228.7700000,
 18717,           0.9987170,      -10227.2400000,
 18718,           0.9987180,      -10225.6920000,
 18719,           0.9987190,      -10224.2600000,
 18720,           0.9987200,      -10222.7900000,
 18721,           0.9987210,      -10221.2620000,
 18722,           0.9987220,      -10219.7500000,
 18723,           0.9987230,      -10218.3000000,
 18724,           0.9987240,      -10216.7900000,
 18725,           0.9987250,      -10215.2500000,
 18726,           0.9987260,      -10213.7220000,
 18727,           0.9987270,      -10200.0430000,
 18728,           0.9987280,      -10198.6200000,
 18729,           0.9987290,      -10197.0910000,
 18730,           0.9987300,      -10184.4310000,
 18731,           0.9987310,      -10182.8900000,
 18732,           0.9987320,      -10181.4700000,
 18733,           0.9987330,      -10179.9340000,
 18734,           0.9987340,      -10178.4200000,
 18735,           0.9987350,      -10176.8800000,
 18736,           0.9987360,      -10175.3600000,
 18737,           0.9987370,      -10173.9100000,
 18738,           0.9987380,      -10172.3720000,
 18739,           0.9987390,      -10170.8400000,
 18740,           0.9987400,      -10257.3510000,
 18741,           0.9987410,      -10255.9200000,
 18742,           0.9987420,      -10254.3900000,
 18743,           0.9987430,      -10252.8400000,
 18744,           0.9987440,      -10251.3530000,
 18745,           0.9987450,      -10238.0730000,
 18746,           0.9987460,      -10236.6300000,
 18747,           0.9987470,      -10235.0920000,
 18748,           0.9987480,      -10221.9230000,
 18749,           0.9987490,      -10220.3800000,
 18750,           0.9987500,      -10218.9210000,
 18751,           0.9987510,      -10217.3800000,
 18752,           0.9987520,      -10215.8630000,
 18753,           0.9987530,      -10214.3300000,
 18754,           0.9987540,      -10212.8000000,
 18755,           0.9987550,      -10211.3200000,
 18756,           0.9987560,      -10297.8130000,
 18757,           0.9987570,      -10296.2600000,
 18758,           0.9987580,      -10282.6340000,
 18759,           0.9987590,      -10281.1840000,
 18760,           0.9987600,      -10279.6400000,
 18761,           0.9987610,      -10278.0820000,
 18762,           0.9987620,      -10264.7600000,
 18763,           0.9987630,      -10251.3600000,
 18764,           0.9987640,      -10249.9200000,
 18765,           0.9987650,      -10248.3530000,
 18766,           0.9987660,      -10246.8200000,
 18767,           0.9987670,      -10245.2210000,
 18768,           0.9987680,      -10243.7900000,
 18769,           0.9987690,      -10242.2200000,
 18770,           0.9987700,      -10240.6440000,
 18771,           0.9987710,      -10239.0640000,
 18772,           0.9987720,      -10237.4910000,
 18773,           0.9987730,      -10235.9840000,
 18774,           0.9987740,      -10234.4100000,
 18775,           0.9987750,      -10232.8230000,
 18776,           0.9987760,      -10231.2600000,
 18777,           0.9987770,      -10229.7700000,
 18778,           0.9987780,      -10228.1900000,
 18779,           0.9987790,      -10226.5830000,
 18780,           0.9987800,      -10224.9930000,
 18781,           0.9987810,      -10223.3910000,
 18782,           0.9987820,      -10221.8840000,
 18783,           0.9987830,      -10220.2800000,
 18784,           0.9987840,      -10218.6800000,
 18785,           0.9987850,      -10217.0430000,
 18786,           0.9987860,      -10215.5330000,
 18787,           0.9987870,      -10213.9100000,
 18788,           0.9987880,      -10212.3330000,
 18789,           0.9987890,      -10210.7440000,
 18790,           0.9987900,      -10209.1200000,
 18791,           0.9987910,      -10207.6100000,
 18792,           0.9987920,      -10206.0710000,
 18793,           0.9987930,      -10204.4500000,
 18794,           0.9987940,      -10202.8700000,
 18795,           0.9987950,      -10201.3700000,
 18796,           0.9987960,      -10199.7320000,
 18797,           0.9987970,      -10198.1400000,
 18798,           0.9987980,      -10196.5510000,
 18799,           0.9987990,      -10194.9300000,
 18800,           0.9988000,      -10193.4200000,
 18801,           0.9988010,      -10180.0300000,
 18802,           0.9988020,      -10178.4240000,
 18803,           0.9988030,      -10176.8100000,
 18804,           0.9988040,      -10175.3000000,
 18805,           0.9988050,      -10173.7000000,
 18806,           0.9988060,      -10172.1100000,
 18807,           0.9988070,      -10170.5300000,
 18808,           0.9988080,      -10168.9200000,
 18809,           0.9988090,      -10167.4300000,
 18810,           0.9988100,      -10165.8040000,
 18811,           0.9988110,      -10164.2120000,
 18812,           0.9988120,      -10162.6100000,
 18813,           0.9988130,      -10161.1240000,
 18814,           0.9988140,      -10136.3140000,
 18815,           0.9988150,      -10125.5230000,
 18816,           0.9988160,      -10123.9400000,
 18817,           0.9988170,      -10122.4020000,
 18818,           0.9988180,      -10120.8700000,
 18819,           0.9988190,      -10119.3330000,
 18820,           0.9988200,      -10117.7240000,
 18821,           0.9988210,      -10116.1100000,
 18822,           0.9988220,      -10114.6200000,
 18823,           0.9988230,      -10113.0200000,
 18824,           0.9988240,      -10111.4220000,
 18825,           0.9988250,      -10109.8330000,
 18826,           0.9988260,      -10108.2540000,
 18827,           0.9988270,      -10106.7600000,
 18828,           0.9988280,      -10105.1600000,
 18829,           0.9988290,      -10091.7200000,
 18830,           0.9988300,      -10090.1300000,
 18831,           0.9988310,      -10088.6100000,
 18832,           0.9988320,      -10087.0600000,
 18833,           0.9988330,      -10073.1400000,
 18834,           0.9988340,      -10071.5400000,
 18835,           0.9988350,      -10069.9310000,
 18836,           0.9988360,      -10068.4510000,
 18837,           0.9988370,      -10066.8500000,
 18838,           0.9988380,      -10065.2600000,
 18839,           0.9988390,      -10063.6840000,
 18840,           0.9988400,      -10062.1900000,
 18841,           0.9988410,      -10060.6000000,
 18842,           0.9988420,      -10059.0800000,
 18843,           0.9988430,      -10057.4910000,
 18844,           0.9988440,      -10055.9020000,
 18845,           0.9988450,      -10054.4200000,
 18846,           0.9988460,      -10052.8410000,
 18847,           0.9988470,      -10051.2400000,
 18848,           0.9988480,      -10049.6600000,
 18849,           0.9988490,      -10048.1800000,
 18850,           0.9988500,      -10046.5700000,
 18851,           0.9988510,      -10045.0240000,
 18852,           0.9988520,      -10043.4200000,
 18853,           0.9988530,      -10041.8400000,
 18854,           0.9988540,      -10040.3600000,
 18855,           0.9988550,      -10038.7620000,
 18856,           0.9988560,      -10037.1900000,
 18857,           0.9988570,      -10035.5920000,
 18858,           0.9988580,      -10034.1340000,
 18859,           0.9988590,      -10032.5510000,
 18860,           0.9988600,      -10018.9300000,
 18861,           0.9988610,      -10017.3500000,
 18862,           0.9988620,      -10015.7700000,
 18863,           0.9988630,      -10014.2800000,
 18864,           0.9988640,      -10012.6900000,
 18865,           0.9988650,      -10011.1420000,
 18866,           0.9988660,      -10009.5540000,
 18867,           0.9988670,      -10008.0600000,
 18868,           0.9988680,      -10006.5530000,
 18869,           0.9988690,      -10004.9800000,
 18870,           0.9988700,      -10003.3800000,
 18871,           0.9988710,      -10001.8530000,
 18872,           0.9988720,       -9988.2550000,
 18873,           0.9988730,       -9986.6690000,
 18874,           0.9988740,       -9973.3583000,
 18875,           0.9988750,       -9971.7753000,
 18876,           0.9988760,       -9957.9190000,
 18877,           0.9988770,       -9944.3850000,
 18878,           0.9988780,       -9942.8380000,
 18879,           0.9988790,       -9941.2600000,
 18880,           0.9988800,       -9939.6850000,
 18881,           0.9988810,       -9938.2050000,
 18882,           0.9988820,       -9936.6290000,
 18883,           0.9988830,       -9935.0480000,
 18884,           0.9988840,       -9933.5090000,
 18885,           0.9988850,       -9932.0130000,
 18886,           0.9988860,       -9930.4433000,
 18887,           0.9988870,       -9928.8830000,
 18888,           0.9988880,       -9927.2970000,
 18889,           0.9988890,       -9925.7304000,
 18890,           0.9988900,       -9924.2270000,
 18891,           0.9988910,       -9922.7170000,
 18892,           0.9988920,       -9921.1350000,
 18893,           0.9988930,       -9919.5500000,
 18894,           0.9988940,       -9918.0840000,
 18895,           0.9988950,       -9916.5751000,
 18896,           0.9988960,       -9914.9990000,
 18897,           0.9988970,       -9913.4433000,
 18898,           0.9988980,       -9911.8930000,
 18899,           0.9988990,       -9910.4250000,
 18900,           0.9989000,       -9908.8520000,
 18901,           0.9989010,       -9907.2871000,
 18902,           0.9989020,       -9905.7100000,
 18903,           0.9989030,       -9904.2421000,
 18904,           0.9989040,       -9902.6830000,
 18905,           0.9989050,       -9901.1430000,
 18906,           0.9989060,       -9899.5840000,
 18907,           0.9989070,       -9898.0090000,
 18908,           0.9989080,       -9896.5341000,
 18909,           0.9989090,       -9894.9912000,
 18910,           0.9989100,       -9893.4270000,
 18911,           0.9989110,       -9891.8890000,
 18912,           0.9989120,       -9890.4130000,
 18913,           0.9989130,       -9888.8623000,
 18914,           0.9989140,       -9887.2890000,
 18915,           0.9989150,       -9885.7363000,
 18916,           0.9989160,       -9884.2783000,
 18917,           0.9989170,       -9882.6982000,
 18918,           0.9989180,       -9881.1884000,
 18919,           0.9989190,       -9879.6103000,
 18920,           0.9989200,       -9865.5800000,
 18921,           0.9989210,       -9864.1132000,
 18922,           0.9989220,       -9862.6240000,
 18923,           0.9989230,       -9861.0781000,
 18924,           0.9989240,       -9859.5000000,
 18925,           0.9989250,       -9858.0830000,
 18926,           0.9989260,       -9856.5214000,
 18927,           0.9989270,       -9854.9620000,
 18928,           0.9989280,       -9853.4220000,
 18929,           0.9989290,       -9851.8554000,
 18930,           0.9989300,       -9850.3994000,
 18931,           0.9989310,       -9848.8261000,
 18932,           0.9989320,       -9847.3120000,
 18933,           0.9989330,       -9845.7600000,
 18934,           0.9989340,       -9844.3120000,
 18935,           0.9989350,       -9842.7412000,
 18936,           0.9989360,       -9841.1943000,
 18937,           0.9989370,       -9839.6484000,
 18938,           0.9989380,       -9838.0970000,
 18939,           0.9989390,       -9836.6730000,
 18940,           0.9989400,       -9823.8662000,
 18941,           0.9989410,       -9822.3360000,
 18942,           0.9989420,       -9820.7773000,
 18943,           0.9989430,       -9806.8440000,
 18944,           0.9989440,       -9805.2990000,
 18945,           0.9989450,       -9803.7510000,
 18946,           0.9989460,       -9790.1074000,
 18947,           0.9989470,       -9788.5490000,
 18948,           0.9989480,       -9787.0800000,
 18949,           0.9989490,       -9785.5322000,
 18950,           0.9989500,       -9784.0570000,
 18951,           0.9989510,       -9782.5160000,
 18952,           0.9989520,       -9781.0470000,
 18953,           0.9989530,       -9779.5470000,
 18954,           0.9989540,       -9777.9960000,
 18955,           0.9989550,       -9776.4501000,
 18956,           0.9989560,       -9774.8930000,
 18957,           0.9989570,       -9773.4423000,
 18958,           0.9989580,       -9771.8830000,
 18959,           0.9989590,       -9770.3554000,
 18960,           0.9989600,       -9768.8222000,
 18961,           0.9989610,       -9767.3701000,
 18962,           0.9989620,       -9765.8281000,
 18963,           0.9989630,       -9764.2822000,
 18964,           0.9989640,       -9762.7280000,
 18965,           0.9989650,       -9761.1850000,
 18966,           0.9989660,       -9759.7324000,
 18967,           0.9989670,       -9846.2130000,
 18968,           0.9989680,       -9844.7070000,
 18969,           0.9989690,       -9843.1680000,
 18970,           0.9989700,       -9841.7090000,
 18971,           0.9989710,       -9840.1700000,
 18972,           0.9989720,       -9838.6074000,
 18973,           0.9989730,       -9824.9121000,
 18974,           0.9989740,       -9823.3490000,
 18975,           0.9989750,       -9821.9340000,
 18976,           0.9989760,       -9820.3740000,
 18977,           0.9989770,       -9818.8330000,
 18978,           0.9989780,       -9805.2363000,
 18979,           0.9989790,       -9803.8460000,
 18980,           0.9989800,       -9802.3124000,
 18981,           0.9989810,       -9800.7510000,
 18982,           0.9989820,       -9799.2431000,
 18983,           0.9989830,       -9797.6660000,
 18984,           0.9989840,       -9796.2200000,
 18985,           0.9989850,       -9794.6611000,
 18986,           0.9989860,       -9793.1171000,
 18987,           0.9989870,       -9791.5470000,
 18988,           0.9989880,       -9790.0860000,
 18989,           0.9989890,       -9776.5332000,
 18990,           0.9989900,       -9775.0090000,
 18991,           0.9989910,       -9773.4680000,
 18992,           0.9989920,       -9771.8994000,
 18993,           0.9989930,       -9770.4300000,
 18994,           0.9989940,       -9768.8574000,
 18995,           0.9989950,       -9767.3000000,
 18996,           0.9989960,       -9765.7031000,
 18997,           0.9989970,       -9764.2460000,
 18998,           0.9989980,       -9762.6300000,
 18999,           0.9989990,       -9761.0530000,
 19000,           0.9990000,       -9759.4350000,
 19001,           0.9990010,       -9757.8500000,
 19002,           0.9990020,       -9756.3212000,
 19003,           0.9990030,       -9754.7363000,
 19004,           0.9990040,       -9753.1310000,
 19005,           0.9990050,       -9751.5600000,
 19006,           0.9990060,       -9737.8730000,
 19007,           0.9990070,       -9736.2570000,
 19008,           0.9990080,       -9734.6670000,
 19009,           0.9990090,       -9733.1300000,
 19010,           0.9990100,       -9719.3360000,
 19011,           0.9990110,       -9717.8134000,
 19012,           0.9990120,       -9716.2421000,
 19013,           0.9990130,       -9802.6630000,
 19014,           0.9990140,       -9801.0732000,
 19015,           0.9990150,       -9799.5380000,
 19016,           0.9990160,       -9797.9290000,
 19017,           0.9990170,       -9796.3000000,
 19018,           0.9990180,       -9794.6720000,
 19019,           0.9990190,       -9793.0224000,
 19020,           0.9990200,       -9791.5253000,
 19021,           0.9990210,       -9789.8840000,
 19022,           0.9990220,       -9788.2560000,
 19023,           0.9990230,       -9786.6210000,
 19024,           0.9990240,       -9785.0830000,
 19025,           0.9990250,       -9783.4580000,
 19026,           0.9990260,       -9781.8060000,
 19027,           0.9990270,       -9780.2130000,
 19028,           0.9990280,       -9778.5820000,
 19029,           0.9990290,       -9777.0530000,
 19030,           0.9990300,       -9775.4091000,
 19031,           0.9990310,       -9773.7960000,
 19032,           0.9990320,       -9772.1611000,
 19033,           0.9990330,       -9770.6360000,
 19034,           0.9990340,       -9768.9941000,
 19035,           0.9990350,       -9767.4072000,
 19036,           0.9990360,       -9765.7610000,
 19037,           0.9990370,       -9764.1542000,
 19038,           0.9990380,       -9762.6201000,
 19039,           0.9990390,       -9761.0742000,
 19040,           0.9990400,       -9759.4414000,
 19041,           0.9990410,       -9757.8173000,
 19042,           0.9990420,       -9756.2890000,
 19043,           0.9990430,       -9754.7050000,
 19044,           0.9990440,       -9753.0761000,
 19045,           0.9990450,       -9751.4660000,
 19046,           0.9990460,       -9737.9620000,
 19047,           0.9990470,       -9736.4541000,
 19048,           0.9990480,       -9711.4892000,
 19049,           0.9990490,       -9709.8800000,
 19050,           0.9990500,       -9708.2460000,
 19051,           0.9990510,       -9706.7670000,
 19052,           0.9990520,       -9705.1450000,
 19053,           0.9990530,       -9703.5450000,
 19054,           0.9990540,       -9701.9111000,
 19055,           0.9990550,       -9700.3203000,
 19056,           0.9990560,       -9698.7841000,
 19057,           0.9990570,       -9697.1730000,
 19058,           0.9990580,       -9695.5810000,
 19059,           0.9990590,       -9693.9912000,
 19060,           0.9990600,       -9692.4610000,
 19061,           0.9990610,       -9690.8574000,
 19062,           0.9990620,       -9689.2324000,
 19063,           0.9990630,       -9675.5140000,
 19064,           0.9990640,       -9661.6064000,
 19065,           0.9990650,       -9660.0722000,
 19066,           0.9990660,       -9658.4863000,
 19067,           0.9990670,       -9656.8910000,
 19068,           0.9990680,       -9655.2763000,
 19069,           0.9990690,       -9653.7690000,
 19070,           0.9990700,       -9652.1494000,
 19071,           0.9990710,       -9650.6270000,
 19072,           0.9990720,       -9649.0100000,
 19073,           0.9990730,       -9647.4130000,
 19074,           0.9990740,       -9645.9300000,
 19075,           0.9990750,       -9644.3370000,
 19076,           0.9990760,       -9642.7280000,
 19077,           0.9990770,       -9641.1270000,
 19078,           0.9990780,       -9639.6162000,
 19079,           0.9990790,       -9625.9750000,
 19080,           0.9990800,       -9624.3662000,
 19081,           0.9990810,       -9622.7792000,
 19082,           0.9990820,       -9621.2140000,
 19083,           0.9990830,       -9619.7110000,
 19084,           0.9990840,       -9618.1040000,
 19085,           0.9990850,       -9616.5210000,
 19086,           0.9990860,       -9614.9190000,
 19087,           0.9990870,       -9613.4111000,
 19088,           0.9990880,       -9611.8124000,
 19089,           0.9990890,       -9610.2382000,
 19090,           0.9990900,       -9608.6370000,
 19091,           0.9990910,       -9607.0712000,
 19092,           0.9990920,       -9605.5820000,
 19093,           0.9990930,       -9591.2753000,
 19094,           0.9990940,       -9589.6720000,
 19095,           0.9990950,       -9588.1010000,
 19096,           0.9990960,       -9586.5920000,
 19097,           0.9990970,       -9585.0140000,
 19098,           0.9990980,       -9583.4200000,
 19099,           0.9990990,       -9581.8681000,
 19100,           0.9991000,       -9580.2822000,
 19101,           0.9991010,       -9578.7940000,
 19102,           0.9991020,       -9577.2100000,
 19103,           0.9991030,       -9575.7001000,
 19104,           0.9991040,       -9574.1020000,
 19105,           0.9991050,       -9572.6300000,
 19106,           0.9991060,       -9571.0400000,
 19107,           0.9991070,       -9569.5000000,
 19108,           0.9991080,       -9567.9170000,
 19109,           0.9991090,       -9554.4033000,
 19110,           0.9991100,       -9552.9394000,
 19111,           0.9991110,       -9551.3370000,
 19112,           0.9991120,       -9549.7670000,
 19113,           0.9991130,       -9548.1810000,
 19114,           0.9991140,       -9546.7080000,
 19115,           0.9991150,       -9545.1191000,
 19116,           0.9991160,       -9543.6000000,
 19117,           0.9991170,       -9542.0214000,
 19118,           0.9991180,       -9540.5400000,
 19119,           0.9991190,       -9538.9590000,
 19120,           0.9991200,       -9537.4101000,
 19121,           0.9991210,       -9535.8120000,
 19122,           0.9991220,       -9534.2540000,
 19123,           0.9991230,       -9532.7714000,
 19124,           0.9991240,       -9531.2470000,
 19125,           0.9991250,       -9529.6690000,
 19126,           0.9991260,       -9528.1030000,
 19127,           0.9991270,       -9526.6330000,
 19128,           0.9991280,       -9525.0693000,
 19129,           0.9991290,       -9510.7304000,
 19130,           0.9991300,       -9509.1523000,
 19131,           0.9991310,       -9507.6020000,
 19132,           0.9991320,       -9506.1210000,
 19133,           0.9991330,       -9504.6040000,
 19134,           0.9991340,       -9503.0400000,
 19135,           0.9991350,       -9489.5390000,
 19136,           0.9991360,       -9488.0580000,
 19137,           0.9991370,       -9486.5771000,
 19138,           0.9991380,       -9485.0160000,
 19139,           0.9991390,       -9483.4630000,
 19140,           0.9991400,       -9481.8900000,
 19141,           0.9991410,       -9480.4433000,
 19142,           0.9991420,       -9466.5570000,
 19143,           0.9991430,       -9465.0010000,
 19144,           0.9991440,       -9453.6810000,
 19145,           0.9991450,       -9452.2080000,
 19146,           0.9991460,       -9438.2470000,
 19147,           0.9991470,       -9436.6800000,
 19148,           0.9991480,       -9435.1250000,
 19149,           0.9991490,       -9433.5664000,
 19150,           0.9991500,       -9432.1494000,
 19151,           0.9991510,       -9430.5920000,
 19152,           0.9991520,       -9429.0160000,
 19153,           0.9991530,       -9427.4780000,
 19154,           0.9991540,       -9426.0010000,
 19155,           0.9991550,       -9424.4531000,
 19156,           0.9991560,       -9422.9003000,
 19157,           0.9991570,       -9421.3480000,
 19158,           0.9991580,       -9419.7822000,
 19159,           0.9991590,       -9406.2333000,
 19160,           0.9991600,       -9404.6780000,
 19161,           0.9991610,       -9403.1290000,
 19162,           0.9991620,       -9401.5590000,
 19163,           0.9991630,       -9400.0910000,
 19164,           0.9991640,       -9398.5480000,
 19165,           0.9991650,       -9396.9873000,
 19166,           0.9991660,       -9395.4360000,
 19167,           0.9991670,       -9393.8593000,
 19168,           0.9991680,       -9379.8540000,
 19169,           0.9991690,       -9378.2980000,
 19170,           0.9991700,       -9376.7480000,
 19171,           0.9991710,       -9375.1750000,
 19172,           0.9991720,       -9360.8490000,
 19173,           0.9991730,       -9359.3681000,
 19174,           0.9991740,       -9357.8070000,
 19175,           0.9991750,       -9356.2460000,
 19176,           0.9991760,       -9354.6710000,
 19177,           0.9991770,       -9353.2510000,
 19178,           0.9991780,       -9351.6720000,
 19179,           0.9991790,       -9350.1132000,
 19180,           0.9991800,       -9336.5530000,
 19181,           0.9991810,       -9335.0761000,
 19182,           0.9991820,       -9333.4690000,
 19183,           0.9991830,       -9331.8350000,
 19184,           0.9991840,       -9330.2560000,
 19185,           0.9991850,       -9328.6464000,
 19186,           0.9991860,       -9327.1840000,
 19187,           0.9991870,       -9325.5570000,
 19188,           0.9991880,       -9323.9404000,
 19189,           0.9991890,       -9322.3510000,
 19190,           0.9991900,       -9320.8232000,
 19191,           0.9991910,       -9319.2280000,
 19192,           0.9991920,       -9305.4600000,
 19193,           0.9991930,       -9303.8691000,
 19194,           0.9991940,       -9302.2402000,
 19195,           0.9991950,       -9288.7744000,
 19196,           0.9991960,       -9287.1790000,
 19197,           0.9991970,       -9285.5654000,
 19198,           0.9991980,       -9271.7170000,
 19199,           0.9991990,       -9270.1982000,
 19200,           0.9992000,       -9268.6040000,
 19201,           0.9992010,       -9266.9780000,
 19202,           0.9992020,       -9265.3603000,
 19203,           0.9992030,       -9263.7540000,
 19204,           0.9992040,       -9262.2700000,
 19205,           0.9992050,       -9260.6800000,
 19206,           0.9992060,       -9259.0590000,
 19207,           0.9992070,       -9257.4550000,
 19208,           0.9992080,       -9255.9230000,
 19209,           0.9992090,       -9242.9931000,
 19210,           0.9992100,       -9241.3964000,
 19211,           0.9992110,       -9239.7680000,
 19212,           0.9992120,       -9238.1680000,
 19213,           0.9992130,       -9236.6430000,
 19214,           0.9992140,       -9235.0420000,
 19215,           0.9992150,       -9233.3840000,
 19216,           0.9992160,       -9231.7250000,
 19217,           0.9992170,       -9230.1621000,
 19218,           0.9992180,       -9228.5040000,
 19219,           0.9992190,       -9226.8642000,
 19220,           0.9992200,       -9225.1962000,
 19221,           0.9992210,       -9223.5460000,
 19222,           0.9992220,       -9222.0060000,
 19223,           0.9992230,       -9208.3540000,
 19224,           0.9992240,       -9206.7250000,
 19225,           0.9992250,       -9205.0703000,
 19226,           0.9992260,       -9203.5292000,
 19227,           0.9992270,       -9201.8740000,
 19228,           0.9992280,       -9200.2353000,
 19229,           0.9992290,       -9198.5940000,
 19230,           0.9992300,       -9196.9462000,
 19231,           0.9992310,       -9195.4003000,
 19232,           0.9992320,       -9193.7680000,
 19233,           0.9992330,       -9192.1572000,
 19234,           0.9992340,       -9190.5214000,
 19235,           0.9992350,       -9188.9720000,
 19236,           0.9992360,       -9187.3540000,
 19237,           0.9992370,       -9185.7120000,
 19238,           0.9992380,       -9184.0712000,
 19239,           0.9992390,       -9182.4453000,
 19240,           0.9992400,       -9180.9003000,
 19241,           0.9992410,       -9179.2890000,
 19242,           0.9992420,       -9177.6430000,
 19243,           0.9992430,       -9176.0673000,
 19244,           0.9992440,       -9174.5341000,
 19245,           0.9992450,       -9172.8900000,
 19246,           0.9992460,       -9171.2851000,
 19247,           0.9992470,       -9157.6040000,
 19248,           0.9992480,       -9156.0791000,
 19249,           0.9992490,       -9154.5590000,
 19250,           0.9992500,       -9152.9140000,
 19251,           0.9992510,       -9151.3080000,
 19252,           0.9992520,       -9137.3750000,
 19253,           0.9992530,       -9135.9082000,
 19254,           0.9992540,       -9134.2812000,
 19255,           0.9992550,       -9132.6640000,
 19256,           0.9992560,       -9119.0120000,
 19257,           0.9992570,       -9117.3730000,
 19258,           0.9992580,       -9115.8810000,
 19259,           0.9992590,       -9114.2540000,
 19260,           0.9992600,       -9112.6410000,
 19261,           0.9992610,       -9111.0450000,
 19262,           0.9992620,       -9109.5210000,
 19263,           0.9992630,       -9095.7373000,
 19264,           0.9992640,       -9094.1162000,
 19265,           0.9992650,       -9092.4951000,
 19266,           0.9992660,       -9090.9121000,
 19267,           0.9992670,       -9089.3930000,
 19268,           0.9992680,       -9087.7890000,
 19269,           0.9992690,       -9086.1894000,
 19270,           0.9992700,       -9084.5820000,
 19271,           0.9992710,       -9083.0910000,
 19272,           0.9992720,       -9081.4882000,
 19273,           0.9992730,       -9079.9150000,
 19274,           0.9992740,       -9078.3360000,
 19275,           0.9992750,       -9076.7304000,
 19276,           0.9992760,       -9063.0070000,
 19277,           0.9992770,       -9061.4101000,
 19278,           0.9992780,       -9059.8050000,
 19279,           0.9992790,       -9058.2290000,
 19280,           0.9992800,       -9056.7314000,
 19281,           0.9992810,       -9055.1533000,
 19282,           0.9992820,       -9053.5624000,
 19283,           0.9992830,       -9052.0050000,
 19284,           0.9992840,       -9050.4220000,
 19285,           0.9992850,       -9048.9404000,
 19286,           0.9992860,       -9047.3430000,
 19287,           0.9992870,       -9045.7832000,
 19288,           0.9992880,       -9044.1953000,
 19289,           0.9992890,       -9042.8020000,
 19290,           0.9992900,       -9041.2120000,
 19291,           0.9992910,       -9039.6450000,
 19292,           0.9992920,       -9038.0620000,
 19293,           0.9992930,       -9036.4882000,
 19294,           0.9992940,       -9035.0390000,
 19295,           0.9992950,       -9033.4931000,
 19296,           0.9992960,       -9031.9150000,
 19297,           0.9992970,       -9030.3564000,
 19298,           0.9992980,       -9028.8632000,
 19299,           0.9992990,       -9014.2490000,
 19300,           0.9993000,       -9012.6860000,
 19301,           0.9993010,       -9011.1181000,
 19302,           0.9993020,       -9009.5590000,
 19303,           0.9993030,       -9008.1044000,
 19304,           0.9993040,       -8994.2130000,
 19305,           0.9993050,       -8992.6591000,
 19306,           0.9993060,       -8991.0910000,
 19307,           0.9993070,       -8989.6400000,
 19308,           0.9993080,       -8988.0791000,
 19309,           0.9993090,       -8986.5302000,
 19310,           0.9993100,       -8984.9680000,
 19311,           0.9993110,       -8983.5292000,
 19312,           0.9993120,       -8981.9660000,
 19313,           0.9993130,       -8980.4380000,
 19314,           0.9993140,       -8978.8750000,
 19315,           0.9993150,       -8964.8212000,
 19316,           0.9993160,       -8963.3810000,
 19317,           0.9993170,       -8961.8212000,
 19318,           0.9993180,       -8960.2851000,
 19319,           0.9993190,       -8958.7490000,
 19320,           0.9993200,       -8957.3040000,
 19321,           0.9993210,       -8955.7520000,
 19322,           0.9993220,       -8954.2451000,
 19323,           0.9993230,       -8952.6860000,
 19324,           0.9993240,       -8951.1690000,
 19325,           0.9993250,       -8949.7230000,
 19326,           0.9993260,       -8948.2250000,
 19327,           0.9993270,       -8946.7041000,
 19328,           0.9993280,       -8945.1640000,
 19329,           0.9993290,       -8943.7382000,
 19330,           0.9993300,       -8942.2150000,
 19331,           0.9993310,       -8940.6870000,
 19332,           0.9993320,       -8939.2363000,
 19333,           0.9993330,       -8925.3291000,
 19334,           0.9993340,       -8923.9013000,
 19335,           0.9993350,       -8922.3820000,
 19336,           0.9993360,       -8908.7500000,
 19337,           0.9993370,       -8894.9590000,
 19338,           0.9993380,       -8893.5520000,
 19339,           0.9993390,       -8892.0361000,
 19340,           0.9993400,       -8890.4980000,
 19341,           0.9993410,       -8889.0160000,
 19342,           0.9993420,       -8887.4873000,
 19343,           0.9993430,       -8886.0722000,
 19344,           0.9993440,       -8884.5673000,
 19345,           0.9993450,       -8883.0550000,
 19346,           0.9993460,       -8869.4280000,
 19347,           0.9993470,       -8868.0214000,
 19348,           0.9993480,       -8854.2050000,
 19349,           0.9993490,       -8852.7240000,
 19350,           0.9993500,       -8851.2353000,
 19351,           0.9993510,       -8849.7402000,
 19352,           0.9993520,       -8848.3232000,
 19353,           0.9993530,       -8846.8420000,
 19354,           0.9993540,       -8845.3400000,
 19355,           0.9993550,       -8843.8540000,
 19356,           0.9993560,       -8842.4630000,
 19357,           0.9993570,       -8840.9650000,
 19358,           0.9993580,       -8839.4770000,
 19359,           0.9993590,       -8812.9941000,
 19360,           0.9993600,       -8799.2130000,
 19361,           0.9993610,       -8797.8212000,
 19362,           0.9993620,       -8796.3232000,
 19363,           0.9993630,       -8794.8400000,
 19364,           0.9993640,       -8793.3870000,
 19365,           0.9993650,       -8791.9853000,
 19366,           0.9993660,       -8790.4912000,
 19367,           0.9993670,       -8789.0400000,
 19368,           0.9993680,       -8787.5580000,
 19369,           0.9993690,       -8786.0703000,
 19370,           0.9993700,       -8784.7031000,
 19371,           0.9993710,       -8783.2304000,
 19372,           0.9993720,       -8781.7900000,
 19373,           0.9993730,       -8768.8544000,
 19374,           0.9993740,       -8767.4720000,
 19375,           0.9993750,       -8753.3030000,
 19376,           0.9993760,       -8739.4180000,
 19377,           0.9993770,       -8737.9501000,
 19378,           0.9993780,       -8736.5620000,
 19379,           0.9993790,       -8723.0440000,
 19380,           0.9993800,       -8709.2421000,
 19381,           0.9993810,       -8707.7670000,
 19382,           0.9993820,       -8706.3350000,
 19383,           0.9993830,       -8704.9531000,
 19384,           0.9993840,       -8703.5420000,
 19385,           0.9993850,       -8702.1010000,
 19386,           0.9993860,       -8700.6494000,
 19387,           0.9993870,       -8699.1840000,
 19388,           0.9993880,       -8697.8470000,
 19389,           0.9993890,       -8696.3984000,
 19390,           0.9993900,       -8682.5010000,
 19391,           0.9993910,       -8681.0673000,
 19392,           0.9993920,       -8667.5450000,
 19393,           0.9993930,       -8666.1054000,
 19394,           0.9993940,       -8664.6780000,
 19395,           0.9993950,       -8663.2431000,
 19396,           0.9993960,       -8661.8360000,
 19397,           0.9993970,       -8660.5000000,
 19398,           0.9993980,       -8659.0703000,
 19399,           0.9993990,       -8657.6410000,
 19400,           0.9994000,       -8656.2260000,
 19401,           0.9994010,       -8654.8850000,
 19402,           0.9994020,       -8641.0850000,
 19403,           0.9994030,       -8639.6552000,
 19404,           0.9994040,       -8638.2470000,
 19405,           0.9994050,       -8636.8124000,
 19406,           0.9994060,       -8635.4941000,
 19407,           0.9994070,       -8634.0900000,
 19408,           0.9994080,       -8632.6680000,
 19409,           0.9994090,       -8631.3030000,
 19410,           0.9994100,       -8629.9853000,
 19411,           0.9994110,       -8628.5683000,
 19412,           0.9994120,       -8614.4091000,
 19413,           0.9994130,       -8613.0283000,
 19414,           0.9994140,       -8611.6113000,
 19415,           0.9994150,       -8610.2910000,
 19416,           0.9994160,       -8608.9042000,
 19417,           0.9994170,       -8607.5180000,
 19418,           0.9994180,       -8606.1103000,
 19419,           0.9994190,       -8604.8100000,
 19420,           0.9994200,       -8603.4170000,
 19421,           0.9994210,       -8602.0634000,
 19422,           0.9994220,       -8600.6820000,
 19423,           0.9994230,       -8587.1083000,
 19424,           0.9994240,       -8585.7960000,
 19425,           0.9994250,       -8571.7333000,
 19426,           0.9994260,       -8570.3770000,
 19427,           0.9994270,       -8568.9863000,
 19428,           0.9994280,       -8555.3800000,
 19429,           0.9994290,       -8554.0100000,
 19430,           0.9994300,       -8552.6280000,
 19431,           0.9994310,       -8551.2520000,
 19432,           0.9994320,       -8549.8984000,
 19433,           0.9994330,       -8548.6010000,
 19434,           0.9994340,       -8534.8710000,
 19435,           0.9994350,       -8533.5110000,
 19436,           0.9994360,       -8532.1523000,
 19437,           0.9994370,       -8530.8720000,
 19438,           0.9994380,       -8529.5040000,
 19439,           0.9994390,       -8528.1680000,
 19440,           0.9994400,       -8526.8090000,
 19441,           0.9994410,       -8525.4560000,
 19442,           0.9994420,       -8524.1923000,
 19443,           0.9994430,       -8522.8480000,
 19444,           0.9994440,       -8521.4863000,
 19445,           0.9994450,       -8520.1460000,
 19446,           0.9994460,       -8518.9033000,
 19447,           0.9994470,       -8504.8480000,
 19448,           0.9994480,       -8503.5410000,
 19449,           0.9994490,       -8502.2240000,
 19450,           0.9994500,       -8500.8870000,
 19451,           0.9994510,       -8499.6360000,
 19452,           0.9994520,       -8498.3154000,
 19453,           0.9994530,       -8496.9824000,
 19454,           0.9994540,       -8495.6513000,
 19455,           0.9994550,       -8494.4033000,
 19456,           0.9994560,       -8493.0940000,
 19457,           0.9994570,       -8491.7812000,
 19458,           0.9994580,       -8477.7510000,
 19459,           0.9994590,       -8476.4404000,
 19460,           0.9994600,       -8475.1982000,
 19461,           0.9994610,       -8473.9250000,
 19462,           0.9994620,       -8472.6123000,
 19463,           0.9994630,       -8471.3330000,
 19464,           0.9994640,       -8470.0980000,
 19465,           0.9994650,       -8468.7890000,
 19466,           0.9994660,       -8467.5070000,
 19467,           0.9994670,       -8453.4760000,
 19468,           0.9994680,       -8452.1690000,
 19469,           0.9994690,       -8450.9531000,
 19470,           0.9994700,       -8449.6800000,
 19471,           0.9994710,       -8448.3870000,
 19472,           0.9994720,       -8447.0920000,
 19473,           0.9994730,       -8445.8974000,
 19474,           0.9994740,       -8444.6162000,
 19475,           0.9994750,       -8443.3760000,
 19476,           0.9994760,       -8442.0850000,
 19477,           0.9994770,       -8440.8271000,
 19478,           0.9994780,       -8439.6260000,
 19479,           0.9994790,       -8438.3583000,
 19480,           0.9994800,       -8437.1113000,
 19481,           0.9994810,       -8435.8420000,
 19482,           0.9994820,       -8434.6484000,
 19483,           0.9994830,       -8433.4670000,
 19484,           0.9994840,       -8432.2220000,
 19485,           0.9994850,       -8430.9630000,
 19486,           0.9994860,       -8429.7011000,
 19487,           0.9994870,       -8428.5292000,
 19488,           0.9994880,       -8427.3124000,
 19489,           0.9994890,       -8413.4941000,
 19490,           0.9994900,       -8399.8271000,
 19491,           0.9994910,       -8373.8544000,
 19492,           0.9994920,       -8372.6064000,
 19493,           0.9994930,       -8371.3701000,
 19494,           0.9994940,       -8370.1260000,
 19495,           0.9994950,       -8368.9052000,
 19496,           0.9994960,       -8367.7480000,
 19497,           0.9994970,       -8366.5050000,
 19498,           0.9994980,       -8365.2900000,
 19499,           0.9994990,       -8364.0751000,
 19500,           0.9995000,       -8362.9350000,
 19501,           0.9995010,       -8337.5683000,
 19502,           0.9995020,       -8336.3681000,
 19503,           0.9995030,       -8335.1582000,
 19504,           0.9995040,       -8333.9700000,
 19505,           0.9995050,       -8332.8400000,
 19506,           0.9995060,       -8331.6503000,
 19507,           0.9995070,       -8330.4414000,
 19508,           0.9995080,       -8329.2382000,
 19509,           0.9995090,       -8328.1142000,
 19510,           0.9995100,       -8326.9350000,
 19511,           0.9995110,       -8325.7333000,
 19512,           0.9995120,       -8324.5420000,
 19513,           0.9995130,       -8311.1542000,
 19514,           0.9995140,       -8309.9804000,
 19515,           0.9995150,       -8308.7950000,
 19516,           0.9995160,       -8307.6201000,
 19517,           0.9995170,       -8306.4320000,
 19518,           0.9995180,       -8293.0712000,
 19519,           0.9995190,       -8291.8920000,
 19520,           0.9995200,       -8290.7670000,
 19521,           0.9995210,       -8289.6181000,
 19522,           0.9995220,       -8288.5190000,
 19523,           0.9995230,       -8287.3554000,
 19524,           0.9995240,       -8286.2080000,
 19525,           0.9995250,       -8285.0654000,
 19526,           0.9995260,       -8283.9170000,
 19527,           0.9995270,       -8282.8370000,
 19528,           0.9995280,       -8281.6880000,
 19529,           0.9995290,       -8280.5590000,
 19530,           0.9995300,       -8279.4160000,
 19531,           0.9995310,       -8278.3554000,
 19532,           0.9995320,       -8264.0781000,
 19533,           0.9995330,       -8250.1420000,
 19534,           0.9995340,       -8249.0160000,
 19535,           0.9995350,       -8247.8890000,
 19536,           0.9995360,       -8246.8760000,
 19537,           0.9995370,       -8245.7690000,
 19538,           0.9995380,       -8244.6494000,
 19539,           0.9995390,       -8243.5332000,
 19540,           0.9995400,       -8242.4814000,
 19541,           0.9995410,       -8241.4003000,
 19542,           0.9995420,       -8240.2851000,
 19543,           0.9995430,       -8239.1840000,
 19544,           0.9995440,       -8238.1591000,
 19545,           0.9995450,       -8237.1310000,
 19546,           0.9995460,       -8236.0520000,
 19547,           0.9995470,       -8234.9700000,
 19548,           0.9995480,       -8233.8720000,
 19549,           0.9995490,       -8232.8593000,
 19550,           0.9995500,       -8231.8000000,
 19551,           0.9995510,       -8230.7270000,
 19552,           0.9995520,       -8229.6943000,
 19553,           0.9995530,       -8228.6290000,
 19554,           0.9995540,       -8227.6390000,
 19555,           0.9995550,       -8214.0440000,
 19556,           0.9995560,       -8212.9853000,
 19557,           0.9995570,       -8211.9280000,
 19558,           0.9995580,       -8210.9541000,
 19559,           0.9995590,       -8209.9091000,
 19560,           0.9995600,       -8196.0010000,
 19561,           0.9995610,       -8194.9640000,
 19562,           0.9995620,       -8193.9330000,
 19563,           0.9995630,       -8192.9670000,
 19564,           0.9995640,       -8191.9243000,
 19565,           0.9995650,       -8190.8901000,
 19566,           0.9995660,       -8189.8870000,
 19567,           0.9995670,       -8176.5952000,
 19568,           0.9995680,       -8175.5730000,
 19569,           0.9995690,       -8174.6050000,
 19570,           0.9995700,       -8173.5900000,
 19571,           0.9995710,       -8172.5990000,
 19572,           0.9995720,       -8171.6503000,
 19573,           0.9995730,       -8170.6552000,
 19574,           0.9995740,       -8157.1100000,
 19575,           0.9995750,       -8156.1293000,
 19576,           0.9995760,       -8155.1923000,
 19577,           0.9995770,       -8154.2010000,
 19578,           0.9995780,       -8153.2182000,
 19579,           0.9995790,       -8152.2431000,
 19580,           0.9995800,       -8151.2840000,
 19581,           0.9995810,       -8150.3680000,
 19582,           0.9995820,       -8149.3960000,
 19583,           0.9995830,       -8148.4340000,
 19584,           0.9995840,       -8147.4890000,
 19585,           0.9995850,       -8146.5981000,
 19586,           0.9995860,       -8145.6670000,
 19587,           0.9995870,       -8144.7270000,
 19588,           0.9995880,       -8143.7850000,
 19589,           0.9995890,       -8142.8574000,
 19590,           0.9995900,       -8141.9770000,
 19591,           0.9995910,       -8141.0470000,
 19592,           0.9995920,       -8140.1210000,
 19593,           0.9995930,       -8139.2133000,
 19594,           0.9995940,       -8138.3410000,
 19595,           0.9995950,       -8137.4272000,
 19596,           0.9995960,       -8136.5120000,
 19597,           0.9995970,       -8122.9262000,
 19598,           0.9995980,       -8122.0371000,
 19599,           0.9995990,       -8108.2841000,
 19600,           0.9996000,       -8107.3842000,
 19601,           0.9996010,       -8106.4892000,
 19602,           0.9996020,       -8105.6170000,
 19603,           0.9996030,       -8104.7871000,
 19604,           0.9996040,       -8103.9013000,
 19605,           0.9996050,       -8103.0742000,
 19606,           0.9996060,       -8102.2070000,
 19607,           0.9996070,       -8101.3550000,
 19608,           0.9996080,       -8100.5351000,
 19609,           0.9996090,       -8099.6723000,
 19610,           0.9996100,       -8098.8290000,
 19611,           0.9996110,       -8097.9711000,
 19612,           0.9996120,       -8084.4951000,
 19613,           0.9996130,       -8083.6570000,
 19614,           0.9996140,       -8082.8930000,
 19615,           0.9996150,       -8082.0624000,
 19616,           0.9996160,       -8081.2324000,
 19617,           0.9996170,       -8080.4780000,
 19618,           0.9996180,       -8066.7314000,
 19619,           0.9996190,       -8065.9194000,
 19620,           0.9996200,       -8065.0970000,
 19621,           0.9996210,       -8064.3430000,
 19622,           0.9996220,       -8063.5650000,
 19623,           0.9996230,       -8062.7720000,
 19624,           0.9996240,       -8062.0180000,
 19625,           0.9996250,       -8048.6132000,
 19626,           0.9996260,       -8035.4980000,
 19627,           0.9996270,       -8034.7441000,
 19628,           0.9996280,       -8033.9682000,
 19629,           0.9996290,       -8033.2050000,
 19630,           0.9996300,       -8032.4770000,
 19631,           0.9996310,       -8031.7090000,
 19632,           0.9996320,       -8030.9892000,
 19633,           0.9996330,       -8030.2392000,
 19634,           0.9996340,       -8016.5410000,
 19635,           0.9996350,       -8015.8420000,
 19636,           0.9996360,       -8015.1074000,
 19637,           0.9996370,       -8014.4010000,
 19638,           0.9996380,       -8013.6772000,
 19639,           0.9996390,       -8000.2460000,
 19640,           0.9996400,       -7999.5424000,
 19641,           0.9996410,       -7998.8280000,
 19642,           0.9996420,       -7998.1542000,
 19643,           0.9996430,       -7984.4921000,
 19644,           0.9996440,       -7983.8232000,
 19645,           0.9996450,       -7983.1801000,
 19646,           0.9996460,       -7982.4950000,
 19647,           0.9996470,       -7981.8420000,
 19648,           0.9996480,       -7981.2011000,
 19649,           0.9996490,       -7980.5351000,
 19650,           0.9996500,       -7979.8691000,
 19651,           0.9996510,       -7979.2250000,
 19652,           0.9996520,       -7965.6030000,
 19653,           0.9996530,       -7964.9930000,
 19654,           0.9996540,       -7964.3520000,
 19655,           0.9996550,       -7963.7260000,
 19656,           0.9996560,       -7963.0834000,
 19657,           0.9996570,       -7962.5040000,
 19658,           0.9996580,       -7961.9150000,
 19659,           0.9996590,       -7961.2944000,
 19660,           0.9996600,       -7948.2734000,
 19661,           0.9996610,       -7935.0290000,
 19662,           0.9996620,       -7934.4700000,
 19663,           0.9996630,       -7933.8940000,
 19664,           0.9996640,       -7933.3150000,
 19665,           0.9996650,       -7932.7350000,
 19666,           0.9996660,       -7932.2330000,
 19667,           0.9996670,       -7931.6713000,
 19668,           0.9996680,       -7931.1132000,
 19669,           0.9996690,       -7930.5860000,
 19670,           0.9996700,       -7930.0330000,
 19671,           0.9996710,       -7929.5292000,
 19672,           0.9996720,       -7928.9921000,
 19673,           0.9996730,       -7928.4624000,
 19674,           0.9996740,       -7927.9731000,
 19675,           0.9996750,       -7927.4810000,
 19676,           0.9996760,       -7926.9770000,
 19677,           0.9996770,       -7926.4731000,
 19678,           0.9996780,       -7925.9870000,
 19679,           0.9996790,       -7925.5000000,
 19680,           0.9996800,       -7925.0600000,
 19681,           0.9996810,       -7924.5900000,
 19682,           0.9996820,       -7924.1270000,
 19683,           0.9996830,       -7923.6620000,
 19684,           0.9996840,       -7923.2330000,
 19685,           0.9996850,       -7922.7940000,
 19686,           0.9996860,       -7922.3710000,
 19687,           0.9996870,       -7921.9321000,
 19688,           0.9996880,       -7921.5200000,
 19689,           0.9996890,       -7921.1520000,
 19690,           0.9996900,       -7908.0620000,
 19691,           0.9996910,       -7895.2160000,
 19692,           0.9996920,       -7882.3823000,
 19693,           0.9996930,       -7882.0170000,
 19694,           0.9996940,       -7881.6391000,
 19695,           0.9996950,       -7869.5480000,
 19696,           0.9996960,       -7869.1830000,
 19697,           0.9996970,       -7868.8240000,
 19698,           0.9996980,       -7882.3500000,
 19699,           0.9996990,       -7882.0170000,
 19700,           0.9997000,       -7881.6762000,
 19701,           0.9997010,       -7881.4240000,
 19702,           0.9997020,       -7881.1230000,
 19703,           0.9997030,       -7880.8022000,
 19704,           0.9997040,       -7880.5170000,
 19705,           0.9997050,       -7880.2270000,
 19706,           0.9997060,       -7879.9433000,
 19707,           0.9997070,       -7879.6621000,
 19708,           0.9997080,       -7879.3960000,
 19709,           0.9997090,       -7879.1250000,
 19710,           0.9997100,       -7878.8652000,
 19711,           0.9997110,       -7866.1880000,
 19712,           0.9997120,       -7865.9453000,
 19713,           0.9997130,       -7865.7143000,
 19714,           0.9997140,       -7865.5180000,
 19715,           0.9997150,       -7865.3251000,
 19716,           0.9997160,       -7865.1200000,
 19717,           0.9997170,       -7864.9310000,
 19718,           0.9997180,       -7864.7460000,
 19719,           0.9997190,       -7864.5620000,
 19720,           0.9997200,       -7864.3984000,
 19721,           0.9997210,       -7864.2420000,
 19722,           0.9997220,       -7864.0750000,
 19723,           0.9997230,       -7863.9331000,
 19724,           0.9997240,       -7863.8240000,
 19725,           0.9997250,       -7863.6980000,
 19726,           0.9997260,       -7850.7373000,
 19727,           0.9997270,       -7850.6171000,
 19728,           0.9997280,       -7850.5370000,
 19729,           0.9997290,       -7850.4340000,
 19730,           0.9997300,       -7850.3574000,
 19731,           0.9997310,       -7850.3012000,
 19732,           0.9997320,       -7850.2450000,
 19733,           0.9997330,       -7850.1923000,
 19734,           0.9997340,       -7850.1464000,
 19735,           0.9997350,       -7850.1190000,
 19736,           0.9997360,       -7837.3510000,
 19737,           0.9997370,       -7837.3460000,
 19738,           0.9997380,       -7837.3510000,
 19739,           0.9997390,       -7837.3720000,
 19740,           0.9997400,       -7837.3823000,
 19741,           0.9997410,       -7837.4062000,
 19742,           0.9997420,       -7837.4880000,
 19743,           0.9997430,       -7851.4653000,
 19744,           0.9997440,       -7851.5430000,
 19745,           0.9997450,       -7851.6264000,
 19746,           0.9997460,       -7851.7104000,
 19747,           0.9997470,       -7851.7920000,
 19748,           0.9997480,       -7851.9023000,
 19749,           0.9997490,       -7852.0160000,
 19750,           0.9997500,       -7852.1530000,
 19751,           0.9997510,       -7852.2850000,
 19752,           0.9997520,       -7852.4331000,
 19753,           0.9997530,       -7852.6093000,
 19754,           0.9997540,       -7852.7720000,
 19755,           0.9997550,       -7852.9653000,
 19756,           0.9997560,       -7853.1440000,
 19757,           0.9997570,       -7853.3530000,
 19758,           0.9997580,       -7853.5644000,
 19759,           0.9997590,       -7853.8061000,
 19760,           0.9997600,       -7841.2890000,
 19761,           0.9997610,       -7828.7832000,
 19762,           0.9997620,       -7829.0430000,
 19763,           0.9997630,       -7829.3330000,
 19764,           0.9997640,       -7843.5751000,
 19765,           0.9997650,       -7843.8632000,
 19766,           0.9997660,       -7844.1762000,
 19767,           0.9997670,       -7831.3630000,
 19768,           0.9997680,       -7831.7211000,
 19769,           0.9997690,       -7832.0590000,
 19770,           0.9997700,       -7819.8970000,
 19771,           0.9997710,       -7820.2870000,
 19772,           0.9997720,       -7807.8180000,
 19773,           0.9997730,       -7822.1904000,
 19774,           0.9997740,       -7822.5810000,
 19775,           0.9997750,       -7823.0290000,
 19776,           0.9997760,       -7823.5010000,
 19777,           0.9997770,       -7823.9770000,
 19778,           0.9997780,       -7824.4160000,
 19779,           0.9997790,       -7824.9243000,
 19780,           0.9997800,       -7825.4250000,
 19781,           0.9997810,       -7825.9540000,
 19782,           0.9997820,       -7826.4853000,
 19783,           0.9997830,       -7827.0141000,
 19784,           0.9997840,       -7827.5834000,
 19785,           0.9997850,       -7828.1743000,
 19786,           0.9997860,       -7828.7900000,
 19787,           0.9997870,       -7829.3593000,
 19788,           0.9997880,       -7830.0030000,
 19789,           0.9997890,       -7830.6340000,
 19790,           0.9997900,       -7831.3030000,
 19791,           0.9997910,       -7845.5532000,
 19792,           0.9997920,       -7846.2030000,
 19793,           0.9997930,       -7846.9470000,
 19794,           0.9997940,       -7847.6750000,
 19795,           0.9997950,       -7848.4174000,
 19796,           0.9997960,       -7849.1230000,
 19797,           0.9997970,       -7849.9110000,
 19798,           0.9997980,       -7850.7030000,
 19799,           0.9997990,       -7851.5200000,
 19800,           0.9998000,       -7852.3550000,
 19801,           0.9998010,       -7853.1560000,
 19802,           0.9998020,       -7854.0260000,
 19803,           0.9998030,       -7854.9291000,
 19804,           0.9998040,       -7855.8393000,
 19805,           0.9998050,       -7844.1290000,
 19806,           0.9998060,       -7845.0780000,
 19807,           0.9998070,       -7846.0761000,
 19808,           0.9998080,       -7861.0742000,
 19809,           0.9998090,       -7862.0834000,
 19810,           0.9998100,       -7863.0380000,
 19811,           0.9998110,       -7864.0830000,
 19812,           0.9998120,       -7865.1560000,
 19813,           0.9998130,       -7866.2490000,
 19814,           0.9998140,       -7867.2880000,
 19815,           0.9998150,       -7868.3880000,
 19816,           0.9998160,       -7869.5463000,
 19817,           0.9998170,       -7870.7050000,
 19818,           0.9998180,       -7885.8510000,
 19819,           0.9998190,       -7886.9970000,
 19820,           0.9998200,       -7888.2210000,
 19821,           0.9998210,       -7889.4870000,
 19822,           0.9998220,       -7890.7710000,
 19823,           0.9998230,       -7891.9940000,
 19824,           0.9998240,       -7893.3170000,
 19825,           0.9998250,       -7907.8940000,
 19826,           0.9998260,       -7909.2710000,
 19827,           0.9998270,       -7910.6591000,
 19828,           0.9998280,       -7912.0683000,
 19829,           0.9998290,       -7913.5210000,
 19830,           0.9998300,       -7914.9760000,
 19831,           0.9998310,       -7916.4680000,
 19832,           0.9998320,       -7917.8960000,
 19833,           0.9998330,       -7919.4490000,
 19834,           0.9998340,       -7921.0140000,
 19835,           0.9998350,       -7922.6064000,
 19836,           0.9998360,       -7938.1640000,
 19837,           0.9998370,       -7953.3242000,
 19838,           0.9998380,       -7955.0040000,
 19839,           0.9998390,       -7970.7660000,
 19840,           0.9998400,       -7972.5010000,
 19841,           0.9998410,       -7974.1650000,
 19842,           0.9998420,       -7989.8940000,
 19843,           0.9998430,       -7991.7230000,
 19844,           0.9998440,       -7993.5683000,
 19845,           0.9998450,       -7995.4663000,
 19846,           0.9998460,       -7997.2670000,
 19847,           0.9998470,       -7999.2050000,
 19848,           0.9998480,       -7988.3032000,
 19849,           0.9998490,       -7990.3110000,
 19850,           0.9998500,       -7992.2210000,
 19851,           0.9998510,       -7994.3193000,
 19852,           0.9998520,       -7996.4233000,
 19853,           0.9998530,       -7998.5522000,
 19854,           0.9998540,       -8000.7153000,
 19855,           0.9998550,       -8002.7753000,
 19856,           0.9998560,       -8005.0050000,
 19857,           0.9998570,       -8007.2910000,
 19858,           0.9998580,       -8009.5960000,
 19859,           0.9998590,       -7999.1710000,
 19860,           0.9998600,       -8001.5351000,
 19861,           0.9998610,       -8003.9443000,
 19862,           0.9998620,       -8020.3823000,
 19863,           0.9998630,       -8022.8764000,
 19864,           0.9998640,       -8025.2412000,
 19865,           0.9998650,       -8041.4160000,
 19866,           0.9998660,       -8044.0332000,
 19867,           0.9998670,       -8046.6700000,
 19868,           0.9998680,       -8049.1962000,
 19869,           0.9998690,       -8065.2241000,
 19870,           0.9998700,       -8067.9960000,
 19871,           0.9998710,       -8084.1190000,
 19872,           0.9998720,       -8086.9750000,
 19873,           0.9998730,       -8103.0092000,
 19874,           0.9998740,       -8105.9580000,
 19875,           0.9998750,       -8108.9462000,
 19876,           0.9998760,       -8139.2822000,
 19877,           0.9998770,       -8142.1923000,
 19878,           0.9998780,       -8159.1054000,
 19879,           0.9998790,       -8175.5893000,
 19880,           0.9998800,       -8178.8400000,
 19881,           0.9998810,       -8182.1270000,
 19882,           0.9998820,       -8198.6790000,
 19883,           0.9998830,       -8202.0742000,
 19884,           0.9998840,       -8219.5080000,
 19885,           0.9998850,       -8236.3251000,
 19886,           0.9998860,       -8253.1000000,
 19887,           0.9998870,       -8256.7150000,
 19888,           0.9998880,       -8273.7050000,
 19889,           0.9998890,       -8290.3603000,
 19890,           0.9998900,       -8294.1552000,
 19891,           0.9998910,       -8297.7763000,
 19892,           0.9998920,       -8301.6894000,
 19893,           0.9998930,       -8305.6760000,
 19894,           0.9998940,       -8322.7714000,
 19895,           0.9998950,       -8326.6350000,
 19896,           0.9998960,       -8357.4240000,
 19897,           0.9998970,       -8374.9892000,
 19898,           0.9998980,       -8379.2861000,
 19899,           0.9998990,       -8424.6484000,
 19900,           0.9999000,       -8442.5900000,
 19901,           0.9999010,       -8447.1181000,
 19902,           0.9999020,       -8451.7402000,
 19903,           0.9999030,       -8456.4150000,
 19904,           0.9999040,       -8487.3840000,
 19905,           0.9999050,       -8492.2180000,
 19906,           0.9999060,       -8497.1503000,
 19907,           0.9999070,       -8515.4521000,
 19908,           0.9999080,       -8520.2412000,
 19909,           0.9999090,       -8538.7940000,
 19910,           0.9999100,       -8544.0520000,
 19911,           0.9999110,       -8549.4111000,
 19912,           0.9999120,       -8554.8603000,
 19913,           0.9999130,       -8560.0722000,
 19914,           0.9999140,       -8579.7451000,
 19915,           0.9999150,       -8598.5673000,
 19916,           0.9999160,       -8604.4062000,
 19917,           0.9999170,       -8649.2050000,
 19918,           0.9999180,       -8695.2343000,
 19919,           0.9999190,       -8714.4720000,
 19920,           0.9999200,       -8720.7550000,
 19921,           0.9999210,       -8767.3000000,
 19922,           0.9999220,       -8773.4320000,
 19923,           0.9999230,       -8806.6210000,
 19924,           0.9999240,       -8826.6400000,
 19925,           0.9999250,       -8873.2190000,
 19926,           0.9999260,       -8932.3251000,
 19927,           0.9999270,       -8939.4760000,
 19928,           0.9999280,       -8985.6923000,
 19929,           0.9999290,       -8993.1484000,
 19930,           0.9999300,       -9026.9072000,
 19931,           0.9999310,       -9060.6240000,
 19932,           0.9999320,       -9081.5920000,
 19933,           0.9999330,       -9102.7220000,
 19934,           0.9999340,       -9136.9912000,
 19935,           0.9999350,       -9171.0761000,
 19936,           0.9999360,       -9192.7170000,
 19937,           0.9999370,       -9240.8490000,
 19938,           0.9999380,       -9289.4380000,
 19939,           0.9999390,       -9337.5761000,
 19940,           0.9999400,       -9411.5371000,
 19941,           0.9999410,       -9460.0470000,
 19942,           0.9999420,       -9482.7690000,
 19943,           0.9999430,       -9531.7333000,
 19944,           0.9999440,       -9581.0570000,
 19945,           0.9999450,       -9630.4414000,
 19946,           0.9999460,       -9668.6870000,
 19947,           0.9999470,       -9718.5673000,
 19948,           0.9999480,       -9768.4360000,
 19949,           0.9999490,       -9804.6830000,
 19950,           0.9999500,       -9842.5170000,
 19951,           0.9999510,       -9893.1621000,
 19952,           0.9999520,       -9957.3850000,
 19953,           0.9999530,      -10047.9400000,
 19954,           0.9999540,      -10087.4300000,
 19955,           0.9999550,      -10138.9700000,
 19956,           0.9999560,      -10165.4100000,
 19957,           0.9999570,      -10256.0830000,
 19958,           0.9999580,      -10347.2400000,
 19959,           0.9999590,      -10465.3800000,
 19960,           0.9999600,      -10532.3140000,
 19961,           0.9999610,      -10612.6510000,
 19962,           0.9999620,      -10640.7040000,
 19963,           0.9999630,      -10696.0840000,
 19964,           0.9999640,      -10739.8530000,
 19965,           0.9999650,      -10808.5900000,
 19966,           0.9999660,      -10878.1000000,
 19967,           0.9999670,      -10934.4500000,
 19968,           0.9999680,      -10980.4500000,
 19969,           0.9999690,      -11014.5320000,
 19970,           0.9999700,      -11048.7400000,
 19971,           0.9999710,      -11069.5400000,
 19972,           0.9999720,      -11130.9400000,
 19973,           0.9999730,      -11205.6600000,
 19974,           0.9999740,      -11268.6300000,
 19975,           0.9999750,      -11345.0600000,
 19976,           0.9999760,      -11396.3110000,
 19977,           0.9999770,      -11437.5900000,
 19978,           0.9999780,      -11542.3800000,
 19979,           0.9999790,      -11623.9900000,
 19980,           0.9999800,      -11730.7600000,
 19981,           0.9999810,      -11853.1340000,
 19982,           0.9999820,      -11914.4900000,
 19983,           0.9999830,      -11990.3300000,
 19984,           0.9999840,      -12103.5000000,
 19985,           0.9999850,      -12181.1420000,
 19986,           0.9999860,      -12324.1800000,
 19987,           0.9999870,      -12461.3840000,
 19988,           0.9999880,      -12590.1200000,
 19989,           0.9999890,      -12742.7400000,
 19990,           0.9999900,      -12833.4220000,
 19991,           0.9999910,      -13016.4710000,
 19992,           0.9999920,      -13206.9400000,
 19993,           0.9999930,      -13398.0310000,
 19994,           0.9999940,      -13584.7840000,
 19995,           0.9999950,      -13784.3500000,
 19996,           0.9999960,      -14024.5730000,
 19997,           0.9999970,      -14335.1900000,
 19998,           0.9999980,      -15043.1000000,
 19999,           0.9999990,      -16288.1800000,
 20000,           1.0000000,           0.0000000,
